0 0.46770833333333334 0.17731481481481481 0.1875 0.03611111111111111
0 0.4921875 0.30416666666666664 0.228125 0.049074074074074076
0 0.5046875 0.5407407407407407 0.26458333333333334 0.05555555555555555
0 0.5247395833333334 0.7157407407407408 0.23697916666666666 0.05185185185185185
0 0.3611979166666667 0.8847222222222222 0.019270833333333334 0.19537037037037036
0 0.28828125 0.8666666666666667 0.024479166666666666 0.1814814814814815
0 0.23515625 0.022222222222222223 0.0109375 0.04259259259259259
0 0.08046875 0.03009259259259259 0.15989583333333332 0.058333333333333334
0 0.08776041666666666 0.21435185185185185 0.17447916666666666 0.06388888888888888
0 0.071875 0.3453703703703704 0.14270833333333333 0.06481481481481481
0 0.07526041666666666 0.5847222222222223 0.14947916666666666 0.075
0 0.0765625 0.7638888888888888 0.15208333333333332 0.07407407407407407
0 0.18567708333333333 0.9018518518518519 0.0296875 0.1925925925925926
0 0.27760416666666665 0.21203703703703702 0.008333333333333333 0.046296296296296294