0 0.5302083333333333 0.06712962962962964 0.18333333333333332 0.05648148148148148
0 0.46927083333333336 0.2023148148148148 0.23333333333333334 0.06759259259259259
0 0.4552083333333333 0.43796296296296294 0.25729166666666664 0.07222222222222222
0 0.46640625 0.612037037037037 0.2296875 0.06481481481481481
0 0.6083333333333333 0.7550925925925925 0.020833333333333332 0.19166666666666668
0 0.7111979166666667 0.7291666666666666 0.016145833333333335 0.18055555555555555
0 0.7846354166666667 0.7574074074074074 0.013020833333333334 0.19444444444444445
0 0.9174479166666667 0.6013888888888889 0.16510416666666666 0.05277777777777778
0 0.9036458333333334 0.42083333333333334 0.19270833333333334 0.05648148148148148
0 0.9109375 0.1814814814814815 0.178125 0.04814814814814815
0 0.9119791666666667 0.04953703703703704 0.17604166666666668 0.03981481481481482
0 0.7234375 0.07314814814814814 0.009375 0.04814814814814815