5 0.1293402777777778 0.3326099537037037 0.06336805555555555 0.042534722222222224
5 0.255859375 0.37962962962962965 0.058159722222222224 0.03819444444444445
5 0.3726128472222222 0.42332175925925924 0.05642361111111111 0.03819444444444445
5 0.650390625 0.4509548611111111 0.057291666666666664 0.039641203703703706
5 0.7634548611111112 0.4341724537037037 0.06076388888888889 0.04311342592592592
5 0.9008246527777778 0.4166666666666667 0.06336805555555555 0.04050925925925926
5 0.7177734375 0.9189814814814815 0.032769097222222224 0.02141203703703704
5 0.6534288194444444 0.92578125 0.030381944444444444 0.01880787037037037
5 0.5900607638888888 0.9330150462962963 0.029079861111111112 0.019965277777777776
5 0.4421657986111111 0.9133391203703703 0.028862847222222224 0.019386574074074073
5 0.3767361111111111 0.8877314814814815 0.029079861111111112 0.019675925925925927
5 0.3170572916666667 0.8658854166666666 0.029947916666666668 0.01880787037037037