5 0.12348090277777778 0.6160300925925926 0.06032986111111111 0.03414351851851852
5 0.2513020833333333 0.5863715277777778 0.05555555555555555 0.030381944444444444
5 0.3692491319444444 0.55859375 0.05360243055555555 0.030960648148148147
5 0.6444227430555556 0.5675636574074074 0.05447048611111111 0.03211805555555555
5 0.7543402777777778 0.5989583333333334 0.05772569444444445 0.03530092592592592
5 0.8880208333333334 0.6341145833333334 0.06032986111111111 0.03211805555555555
5 0.7450086805555556 0.11646412037037036 0.03125 0.01707175925925926
5 0.6821831597222222 0.10127314814814815 0.028862847222222224 0.015046296296296295
5 0.6204427083333334 0.0859375 0.027777777777777776 0.016203703703703703
5 0.4736328125 0.0859375 0.027560763888888888 0.015625
5 0.4073350694444444 0.10257523148148148 0.027777777777777776 0.015914351851851853
5 0.3471137152777778 0.11631944444444445 0.028428819444444444 0.015046296296296295