0 0.0296875 0.40694444444444444 0.058333333333333334 0.06018518518518518
0 0.06901041666666667 0.5601851851851852 0.0265625 0.14074074074074075
0 0.18854166666666666 0.5504629629629629 0.13333333333333333 0.14351851851851852
0 0.4114583333333333 0.40185185185185185 0.11145833333333334 0.07592592592592592
0 0.5135416666666667 0.5347222222222222 0.013541666666666667 0.10833333333333334
0 0.6015625 0.5486111111111112 0.12708333333333333 0.13240740740740742
0 0.3645833333333333 0.05787037037037037 0.12083333333333333 0.0712962962962963
0 0.4700520833333333 0.1865740740740741 0.016145833333333335 0.12314814814814815
0 0.5567708333333333 0.19583333333333333 0.13229166666666667 0.13055555555555556
0 0.44817708333333334 0.7166666666666667 0.1140625 0.07777777777777778
0 0.55390625 0.8592592592592593 0.0109375 0.08518518518518518
0 0.6434895833333333 0.875462962962963 0.12447916666666667 0.13240740740740742
0 0.2171875 0.9356481481481481 0.13125 0.1287037037037037
0 0.04192708333333333 0.7824074074074074 0.0828125 0.08333333333333333