4 0.4447655748233783 0.2602674307545368 0.023763648041104687 0.03151862464183381
4 0.4476557482337829 0.29656160458452724 0.023121387283236993 0.033428844317096466
4 0.5844572896596018 0.10649474689589303 0.02697495183044316 0.025787965616045846
4 0.5857418111753372 0.14469914040114612 0.02697495183044316 0.027698185291308502
4 0.16024405908798972 0.771251193887297 0.023763648041104687 0.033428844317096466
4 0.15831727681438665 0.8127984718242598 0.0224791265253693 0.030563514804202482
4 0.2861271676300578 0.6470869149952244 0.03018625561978163 0.027698185291308502
4 0.28580603725112397 0.6914995224450812 0.02697495183044316 0.024832855778414518
4 0.6920359666024406 0.8634192932187201 0.026332691072575465 0.02865329512893983
4 0.6933204881181759 0.9025787965616046 0.025048169556840076 0.024832855778414518
4 0.8432883750802826 0.7559694364851958 0.029543994861913937 0.021967526265520534
4 0.8474630700064226 0.7941738299904489 0.03275529865125241 0.021967526265520534
