0 0.15714285714285714 0.6952789699570815 0.054285714285714284 0.2875536480686695
0 0.21571428571428572 0.6781115879828327 0.06285714285714286 0.3090128755364807
0 0.36857142857142855 0.575107296137339 0.13428571428571429 0.15450643776824036
0 0.4257142857142857 0.5450643776824035 0.14857142857142858 0.15450643776824036
0 0.44642857142857145 0.5804721030042919 0.055714285714285716 0.2811158798283262
0 0.51 0.5536480686695279 0.06857142857142857 0.3218884120171674
0 0.6664285714285715 0.45278969957081544 0.15285714285714286 0.17167381974248927
0 0.7007142857142857 0.41094420600858367 0.10428571428571429 0.1351931330472103
0 0.7621428571428571 0.45493562231759654 0.06714285714285714 0.31759656652360513
0 0.8371428571428572 0.4238197424892704 0.06857142857142857 0.33261802575107297
0 0.9542857142857143 0.2939914163090129 0.09142857142857143 0.13304721030042918