4 0.26916666666666667 0.29125 0.07833333333333334 0.1175
4 0.2025 0.2975 0.075 0.125
4 0.2808333333333333 0.47875 0.07166666666666667 0.1075
5 0.22666666666666666 0.49125 0.05333333333333334 0.1025
4 0.5008333333333334 0.61125 0.07833333333333334 0.1175
4 0.43416666666666665 0.61625 0.07166666666666667 0.1175
4 0.5083333333333333 0.8 0.07666666666666666 0.115
4 0.4533333333333333 0.8025 0.07666666666666666 0.11
4 0.7358333333333333 0.94125 0.07833333333333334 0.1175
4 0.6683333333333333 0.94375 0.08 0.1125
