0 0.12214285714285714 0.741106719367589 0.12428571428571429 0.25691699604743085
0 0.18642857142857142 0.7806324110671937 0.07857142857142857 0.2015810276679842
0 0.09357142857142857 0.44565217391304346 0.11285714285714285 0.2391304347826087
0 0.23714285714285716 0.17292490118577075 0.09142857142857143 0.21146245059288538
0 0.32071428571428573 0.5118577075098815 0.07857142857142857 0.1976284584980237
0 0.7328571428571429 0.07015810276679842 0.06571428571428571 0.13636363636363635
0 0.8364285714285714 0.21739130434782608 0.08428571428571428 0.2450592885375494
0 0.7878571428571428 0.391304347826087 0.06714285714285714 0.22134387351778656
0 0.7542857142857143 0.558300395256917 0.10285714285714286 0.274703557312253
0 0.9035714285714286 0.6254940711462451 0.09 0.25889328063241107
0 0.8157142857142857 0.91600790513834 0.07142857142857142 0.16798418972332016