0 0.3514705882352941 0.11962890625 0.14705882352941177 0.0927734375
0 0.5213235294117647 0.224609375 0.21911764705882353 0.1484375
0 0.27426470588235297 0.162109375 0.14558823529411766 0.091796875
0 0.4294117647058823 0.2763671875 0.2235294117647059 0.14453125
0 0.7294117647058823 0.28662109375 0.2411764705882353 0.0869140625
0 0.6294117647058823 0.3232421875 0.14411764705882352 0.048828125
0 0.8647058823529412 0.3818359375 0.27058823529411763 0.0859375
0 0.8867647058823529 0.46142578125 0.22647058823529412 0.0947265625
0 0.3588235294117647 0.6474609375 0.27058823529411763 0.162109375
0 0.25735294117647056 0.6943359375 0.2735294117647059 0.150390625
0 0.8522058823529411 0.8369140625 0.29558823529411765 0.115234375
0 0.825 0.9072265625 0.32941176470588235 0.12109375