0 0.6942815249266863 0.10361681329423265 0.1158357771260997 0.05474095796676442
0 0.6818181818181818 0.028836754643206255 0.12609970674486803 0.05571847507331378
0 0.20821114369501467 0.4149560117302053 0.07038123167155426 0.0635386119257087
0 0.44501466275659823 0.5366568914956011 0.0718475073313783 0.04105571847507331
0 0.3592375366568915 0.5601173020527859 0.09090909090909091 0.05278592375366569
0 0.17595307917888564 0.5840664711632454 0.08504398826979472 0.053763440860215055
0 0.11950146627565983 0.7697947214076246 0.09237536656891496 0.04985337243401759
0 0.4479472140762463 0.7003910068426198 0.08651026392961877 0.04398826979472141
0 0.3658357771260997 0.7732160312805474 0.04838709677419355 0.04105571847507331
0 0.437683284457478 0.8875855327468231 0.10117302052785923 0.0469208211143695
0 0.10997067448680352 0.9012707722385142 0.04105571847507331 0.03714565004887586
0 0.7250733137829912 0.2937438905180841 0.09824046920821114 0.047898338220918865
0 0.3621700879765396 0.3817204301075269 0.05571847507331378 0.03812316715542522
0 0.31158357771260997 0.907624633431085 0.04252199413489736 0.053763440860215055