0 0.2532991202346041 0.27346041055718473 0.0813782991202346 0.051319648093841645
0 0.34237536656891493 0.145405669599218 0.05865102639296188 0.04349951124144673
0 0.41715542521994137 0.13318670576735092 0.0747800586510264 0.0386119257086999
0 0.32331378299120234 0.30840664711632454 0.0689149560117302 0.03812316715542522
0 0.49560117302052786 0.4286412512218964 0.07771260997067449 0.03421309872922776
0 0.4285190615835777 0.5332355816226784 0.08431085043988269 0.04105571847507331
0 0.5377565982404692 0.4604105571847507 0.07991202346041056 0.02737047898338221
0 0.5535190615835777 0.4958455522971652 0.08944281524926687 0.030791788856304986
0 0.7313049853372434 0.4934017595307918 0.10043988269794721 0.0386119257086999
0 0.8167155425219942 0.5623167155425219 0.09237536656891496 0.04056695992179863
0 0.8977272727272727 0.6209677419354839 0.08284457478005865 0.03567937438905181
0 0.6436950146627566 0.5672043010752689 0.0689149560117302 0.03763440860215054