0 0.24416666666666667 0.17888888888888888 0.17166666666666666 0.04888888888888889
0 0.13833333333333334 0.26 0.20666666666666667 0.05333333333333334
0 0.8141666666666667 0.20555555555555555 0.20833333333333334 0.08888888888888889
0 0.31916666666666665 0.455 0.058333333333333334 0.08555555555555555
0 0.6891666666666667 0.435 0.058333333333333334 0.08777777777777777
0 0.855 0.5044444444444445 0.18333333333333332 0.057777777777777775
0 0.22916666666666666 0.5355555555555556 0.19833333333333333 0.04666666666666667
0 0.8775 0.6422222222222222 0.14833333333333334 0.042222222222222223
0 0.3491666666666667 0.6905555555555556 0.08166666666666667 0.027777777777777776
0 0.30333333333333334 0.8433333333333334 0.11666666666666667 0.04
0 0.9041666666666667 0.8288888888888889 0.175 0.04888888888888889
0 0.8108333333333333 0.9816666666666667 0.045 0.03666666666666667
0 0.9308333333333333 0.9855555555555555 0.11833333333333333 0.028888888888888888