0 0.2885714285714286 0.4090909090909091 0.09142857142857143 0.04061895551257253
0 0.5078571428571429 0.2495164410058027 0.09857142857142857 0.04642166344294004
0 0.6864285714285714 0.3346228239845261 0.09285714285714286 0.0735009671179884
0 0.63 0.5106382978723404 0.10285714285714286 0.04642166344294004
0 0.7785714285714286 0.5657640232108317 0.08857142857142856 0.06382978723404255
0 0.19857142857142857 0.781431334622824 0.1 0.03481624758220503
0 0.3385714285714286 0.8210831721470019 0.07714285714285714 0.05609284332688588
0 0.4278571428571429 0.8549323017408124 0.10714285714285714 0.03868471953578337
0 0.5135714285714286 0.9332688588007737 0.03 0.12572533849129594
0 0.7114285714285714 0.9796905222437138 0.022857142857142857 0.04061895551257253
0 0.7764285714285715 0.971953578336557 0.09285714285714286 0.05609284332688588
0 0.16714285714285715 0.9903288201160542 0.11142857142857143 0.019342359767891684