0 0.2301470588235294 0.44037145650048876 0.060294117647058824 0.09090909090909091
0 0.1536764705882353 0.31036168132942327 0.054411764705882354 0.0772238514173998
0 0.11911764705882352 0.34946236559139787 0.029411764705882353 0.05767350928641251
0 0.22205882352941175 0.20332355816226785 0.041176470588235294 0.10166177908113393
0 0.2838235294117647 0.23607038123167157 0.05 0.07135874877810362
0 0.13970588235294118 0.11925708699902249 0.04411764705882353 0.09188660801564028
0 0.2823529411764706 0.06256109481915934 0.03529411764705882 0.06842619745845552
0 0.7735294117647059 0.10948191593352884 0.06764705882352941 0.07038123167155426
0 0.9419117647058823 0.19550342130987292 0.08088235294117647 0.07624633431085044
0 0.9294117647058824 0.26050830889540566 0.09117647058823529 0.08504398826979472
0 0.8838235294117647 0.36070381231671556 0.03235294117647059 0.07624633431085044
0 0.85 0.47409579667644186 0.03823529411764706 0.07624633431085044