0 0.45161290322580644 0.02932551319648094 0.10850439882697947 0.056695992179863146
0 0.23826979472140764 0.1378299120234604 0.08064516129032258 0.06842619745845552
0 0.1429618768328446 0.1823069403714565 0.10997067448680352 0.06940371456500488
0 0.012463343108504398 0.6984359726295211 0.021994134897360705 0.11241446725317693
0 0.3379765395894428 0.5962854349951124 0.0718475073313783 0.11730205278592376
0 0.47214076246334313 0.49853372434017595 0.16422287390029325 0.06647116324535679
0 0.6341642228739003 0.3343108504398827 0.10703812316715543 0.06647116324535679
0 0.876099706744868 0.23362658846529813 0.1217008797653959 0.05474095796676442
0 0.7961876832844574 0.6451612903225806 0.11730205278592376 0.07038123167155426
0 0.9655425219941349 0.583088954056696 0.0689149560117302 0.03225806451612903
0 0.5608504398826979 0.8856304985337243 0.045454545454545456 0.11143695014662756
0 0.9178885630498533 0.8220918866080157 0.05865102639296188 0.1270772238514174
0 0.9743401759530792 0.7326490713587488 0.04838709677419355 0.026392961876832845