0 0.10043988269794721 0.5630498533724341 0.1217008797653959 0.10948191593352884
0 0.13929618768328444 0.4868035190615836 0.04105571847507331 0.05865102639296188
0 0.08944281524926687 0.2697947214076246 0.11143695014662756 0.12316715542521994
0 0.22653958944281524 0.10557184750733138 0.10410557184750734 0.09579667644183773
0 0.43548387096774194 0.12561094819159335 0.08504398826979472 0.07917888563049853
0 0.29545454545454547 0.27468230694037143 0.09530791788856305 0.10752688172043011
0 0.3724340175953079 0.26637341153470184 0.06158357771260997 0.0772238514173998
0 0.5278592375366569 0.15835777126099707 0.1495601173020528 0.13294232649071358
0 0.7602639296187683 0.2961876832844575 0.08944281524926687 0.056695992179863146
0 0.9340175953079178 0.5312805474095796 0.04398826979472141 0.08308895405669599
0 0.6546920821114369 0.6808406647116324 0.02785923753665689 0.0635386119257087
0 0.5777126099706745 0.6911045943304008 0.093841642228739 0.07038123167155426
0 0.9156891495601173 0.44037145650048876 0.08357771260997067 0.042033235581622676
0 0.9750733137829912 0.4555229716520039 0.04985337243401759 0.03519061583577713
0 0.7639296187683284 0.5410557184750733 0.08504398826979472 0.0772238514173998