0 0.255 0.5877944325481799 0.024285714285714285 0.12633832976445397
0 0.2807142857142857 0.5942184154175589 0.024285714285714285 0.12633832976445397
0 0.3414285714285714 0.9143468950749465 0.02857142857142857 0.13704496788008566
0 0.3742857142857143 0.9154175588865097 0.02857142857142857 0.14346895074946467
0 0.3392857142857143 0.37259100642398285 0.027142857142857142 0.11991434689507495
0 0.705 0.40364025695931477 0.018571428571428572 0.09635974304068523
0 0.7257142857142858 0.4014989293361884 0.02 0.0835117773019272
0 0.8621428571428571 0.6520342612419701 0.03 0.12205567451820129
0 0.8864285714285715 0.658458244111349 0.027142857142857142 0.12205567451820129
0 0.9271428571428572 0.9325481798715204 0.025714285714285714 0.10920770877944326
0 0.9542857142857143 0.9453961456102784 0.03142857142857143 0.10920770877944326