0 0.6154411764705883 0.22607421875 0.08088235294117647 0.0458984375
0 0.7654411764705882 0.29248046875 0.09558823529411764 0.0419921875
0 0.649264705882353 0.3232421875 0.09264705882352942 0.052734375
0 0.41691176470588237 0.4013671875 0.06911764705882353 0.044921875
0 0.4294117647058823 0.43310546875 0.047058823529411764 0.0205078125
0 0.3735294117647059 0.54052734375 0.08529411764705883 0.0400390625
0 0.38235294117647056 0.5751953125 0.03823529411764706 0.015625
0 0.35808823529411765 0.6923828125 0.09852941176470588 0.048828125
0 0.37058823529411766 0.73291015625 0.058823529411764705 0.0224609375
0 0.5639705882352941 0.75244140625 0.06323529411764706 0.0341796875
0 0.8264705882352941 0.57568359375 0.11764705882352941 0.0537109375
0 0.6294117647058823 0.50390625 0.10294117647058823 0.060546875
0 0.8198529411764706 0.390625 0.09852941176470588 0.05078125