0 0.5240863787375415 0.10833333333333334 0.1744186046511628 0.11222222222222222
0 0.6088039867109635 0.13444444444444445 0.15780730897009967 0.11777777777777777
0 0.2367109634551495 0.3194444444444444 0.15780730897009967 0.10555555555555556
0 0.32475083056478404 0.3622222222222222 0.14119601328903655 0.10222222222222223
0 0.6627906976744186 0.43444444444444447 0.15946843853820597 0.12444444444444444
0 0.7674418604651163 0.45666666666666667 0.16611295681063123 0.12444444444444444
0 0.3488372093023256 0.6455555555555555 0.14285714285714285 0.11555555555555555
0 0.4368770764119601 0.6811111111111111 0.16279069767441862 0.11777777777777777
0 0.6403654485049833 0.7572222222222222 0.20431893687707642 0.13666666666666666
0 0.7516611295681063 0.7827777777777778 0.2009966777408638 0.12555555555555556
0 0.3089700996677741 0.9594444444444444 0.15282392026578073 0.0811111111111111
0 0.436046511627907 0.9744444444444444 0.10465116279069768 0.051111111111111114