0 0.4338235294117647 0.140625 0.06470588235294118 0.0859375
0 0.3492647058823529 0.169921875 0.06323529411764706 0.087890625
0 0.2661764705882353 0.3505859375 0.07647058823529412 0.099609375
0 0.36323529411764705 0.32177734375 0.07647058823529412 0.0986328125
0 0.6205882352941177 0.40673828125 0.058823529411764705 0.0712890625
0 0.6970588235294117 0.38330078125 0.07058823529411765 0.0869140625
0 0.2801470588235294 0.64990234375 0.08676470588235294 0.1142578125
0 0.38088235294117645 0.6220703125 0.07647058823529412 0.111328125
0 0.65 0.654296875 0.07058823529411765 0.091796875
0 0.7389705882352942 0.6279296875 0.07205882352941176 0.09375
0 0.611764705882353 0.87158203125 0.07058823529411765 0.0986328125
0 0.7058823529411765 0.85400390625 0.08529411764705883 0.1044921875