0 0.2042857142857143 0.26476190476190475 0.12285714285714286 0.0419047619047619
0 0.2007142857142857 0.32666666666666666 0.12428571428571429 0.04380952380952381
0 0.2914285714285714 0.4076190476190476 0.10571428571428572 0.03428571428571429
0 0.2907142857142857 0.4638095238095238 0.10714285714285714 0.04
0 0.3028571428571429 0.5495238095238095 0.06 0.08571428571428572
0 0.25 0.679047619047619 0.12285714285714286 0.04
0 0.24 0.7409523809523809 0.12571428571428572 0.0419047619047619
0 0.7185714285714285 0.13714285714285715 0.11428571428571428 0.10285714285714286
0 0.7378571428571429 0.19428571428571428 0.11285714285714285 0.10285714285714286
0 0.73 0.3038095238095238 0.09714285714285714 0.08190476190476191
0 0.7428571428571429 0.35333333333333333 0.09714285714285714 0.07809523809523809
0 0.5692857142857143 0.5047619047619047 0.04428571428571428 0.0761904761904762
0 0.7521428571428571 0.41714285714285715 0.13857142857142857 0.11428571428571428
0 0.7742857142857142 0.4857142857142857 0.14285714285714285 0.1219047619047619