0 0.09897360703812316 0.3172043010752688 0.05718475073313783 0.10068426197458455
0 0.5799120234604106 0.19257086999022482 0.05718475073313783 0.12512218963831867
0 0.7258064516129032 0.18914956011730205 0.0469208211143695 0.09872922776148582
0 0.1781524926686217 0.44574780058651026 0.09824046920821114 0.07624633431085044
0 0.07624633431085044 0.5547409579667644 0.07331378299120235 0.10068426197458455
0 0.0689149560117302 0.7864125122189638 0.05278592375366569 0.10459433040078202
0 0.06451612903225806 0.9105571847507331 0.04105571847507331 0.06940371456500488
0 0.4406158357771261 0.9115347018572825 0.03372434017595308 0.06940371456500488
0 0.6297653958944281 0.8059628543499511 0.05718475073313783 0.09090909090909091
0 0.7148093841642229 0.6094819159335289 0.04252199413489736 0.0967741935483871
0 0.5799120234604106 0.5083088954056696 0.060117302052785926 0.12512218963831867
0 0.6392961876832844 0.5762463343108505 0.04398826979472141 0.0772238514173998
0 0.7214076246334311 0.39589442815249265 0.0469208211143695 0.10557184750733138
0 0.6546920821114369 0.35532746823069405 0.036656891495601175 0.06744868035190615
0 0.2060117302052786 0.1324535679374389 0.06598240469208211 0.08308895405669599
0 0.43621700879765396 0.7697947214076246 0.030791788856304986 0.042033235581622676