0 0.29714285714285715 0.29771784232365145 0.04285714285714286 0.10995850622406639
0 0.43 0.11929460580912864 0.04857142857142857 0.0975103734439834
0 0.385 0.3049792531120332 0.03857142857142857 0.08713692946058091
0 0.45285714285714285 0.41804979253112035 0.04857142857142857 0.0975103734439834
0 0.29285714285714287 0.5363070539419087 0.037142857142857144 0.10580912863070539
0 0.38857142857142857 0.5487551867219918 0.04 0.08921161825726141
0 0.29214285714285715 0.8029045643153527 0.03571428571428571 0.11203319502074689
0 0.3892857142857143 0.8070539419087137 0.03857142857142857 0.08713692946058091
0 0.4785714285714286 0.7126556016597511 0.04857142857142857 0.10995850622406639
0 0.7192857142857143 0.19190871369294607 0.04428571428571428 0.07676348547717843
0 0.7507142857142857 0.25 0.04428571428571428 0.08921161825726141
0 0.8414285714285714 0.2520746887966805 0.037142857142857144 0.10580912863070539
0 0.7221428571428572 0.4263485477178423 0.05857142857142857 0.06846473029045644
0 0.7564285714285715 0.495850622406639 0.04428571428571428 0.08713692946058091
0 0.8528571428571429 0.5062240663900415 0.045714285714285714 0.0912863070539419
0 0.7235714285714285 0.6898340248962656 0.047142857142857146 0.07676348547717843
0 0.7664285714285715 0.7562240663900415 0.04428571428571428 0.08091286307053942
0 0.8564285714285714 0.7728215767634855 0.04428571428571428 0.09336099585062241