0 0.7042857142857143 0.40095238095238095 0.06571428571428571 0.08571428571428572
0 0.7157142857142857 0.6057142857142858 0.06857142857142857 0.09904761904761905
0 0.7128571428571429 0.840952380952381 0.07142857142857142 0.09714285714285714
0 0.515 0.8571428571428571 0.07571428571428572 0.05333333333333334
0 0.5464285714285714 0.7219047619047619 0.06714285714285714 0.08761904761904762
0 0.5114285714285715 0.6209523809523809 0.07142857142857142 0.049523809523809526
0 0.545 0.48095238095238096 0.055714285714285716 0.09714285714285714
0 0.5228571428571429 0.4095238095238095 0.07714285714285714 0.049523809523809526
0 0.5428571428571428 0.2695238095238095 0.06285714285714286 0.09714285714285714
0 0.6985714285714286 0.741904761904762 0.04857142857142857 0.06666666666666667
0 0.6092857142857143 0.638095238095238 0.047142857142857146 0.06095238095238095
0 0.7014285714285714 0.5152380952380953 0.045714285714285714 0.05904761904761905
0 0.6121428571428571 0.4038095238095238 0.04428571428571428 0.06476190476190476
0 0.7007142857142857 0.2876190476190476 0.04428571428571428 0.06476190476190476
0 0.6092857142857143 0.18095238095238095 0.047142857142857146 0.06476190476190476