0 0.40714285714285714 0.19653465346534654 0.1742857142857143 0.06831683168316832
0 0.5328571428571428 0.19900990099009902 0.04857142857142857 0.07920792079207921
0 0.6428571428571429 0.2014851485148515 0.05142857142857143 0.0801980198019802
0 0.7485714285714286 0.20643564356435642 0.16 0.0702970297029703
0 0.7585714285714286 0.3599009900990099 0.18571428571428572 0.0801980198019802
0 0.44642857142857145 0.348019801980198 0.18428571428571427 0.06633663366336634
0 0.38285714285714284 0.4405940594059406 0.14857142857142858 0.055445544554455446
0 0.18 0.7089108910891089 0.19714285714285715 0.07128712871287128
0 0.33071428571428574 0.7247524752475247 0.04428571428571428 0.09504950495049505
0 0.19142857142857142 0.9153465346534654 0.17142857142857143 0.05841584158415842
0 0.8457142857142858 0.7400990099009901 0.03142857142857143 0.09603960396039604
0 0.9464285714285714 0.7138613861386138 0.10714285714285714 0.053465346534653464