0 0.25084175084175087 0.4061111111111111 0.09764309764309764 0.05444444444444444
0 0.4158249158249158 0.49277777777777776 0.09427609427609428 0.06333333333333334
0 0.3400673400673401 0.6711111111111111 0.05723905723905724 0.035555555555555556
0 0.25084175084175087 0.7244444444444444 0.05387205387205387 0.03777777777777778
0 0.3602693602693603 0.7744444444444445 0.05387205387205387 0.03333333333333333
0 0.4452861952861953 0.7261111111111112 0.045454545454545456 0.03888888888888889
0 0.6877104377104377 0.5927777777777777 0.06565656565656566 0.034444444444444444
0 0.7929292929292929 0.5377777777777778 0.05723905723905724 0.035555555555555556
0 0.8207070707070707 0.38222222222222224 0.10942760942760943 0.07333333333333333
0 0.6868686868686869 0.47944444444444445 0.050505050505050504 0.043333333333333335
0 0.5791245791245792 0.54 0.050505050505050504 0.03777777777777778
0 0.6422558922558923 0.2822222222222222 0.10942760942760943 0.06
0 0.8021885521885522 0.14055555555555554 0.1026936026936027 0.07
0 0.6372053872053872 0.050555555555555555 0.08922558922558922 0.058888888888888886