0 0.12071428571428572 0.17300380228136883 0.041428571428571426 0.10266159695817491
0 0.16785714285714284 0.15874524714828897 0.041428571428571426 0.09695817490494296
0 0.17285714285714285 0.3279467680608365 0.06571428571428571 0.10836501901140684
0 0.06285714285714286 0.4211026615969582 0.04285714285714286 0.10076045627376426
0 0.11071428571428571 0.4134980988593156 0.03857142857142857 0.10836501901140684
0 0.12214285714285714 0.5769961977186312 0.07285714285714286 0.11596958174904944
0 0.14357142857142857 0.714828897338403 0.05 0.10646387832699619
0 0.19357142857142856 0.7034220532319392 0.047142857142857146 0.10266159695817491
0 0.2007142857142857 0.8621673003802282 0.07571428571428572 0.11596958174904944
0 0.655 0.1644486692015209 0.047142857142857146 0.10076045627376426
0 0.6921428571428572 0.1634980988593156 0.05 0.09505703422053231
0 0.6764285714285714 0.3155893536121673 0.05857142857142857 0.11026615969581749
0 0.7814285714285715 0.3906844106463878 0.06 0.09695817490494296
0 0.8235714285714286 0.39448669201520914 0.06428571428571428 0.09695817490494296
0 0.7985714285714286 0.5389733840304183 0.06 0.10836501901140684
0 0.7957142857142857 0.6863117870722434 0.06 0.09505703422053231
0 0.8414285714285714 0.6749049429657795 0.05714285714285714 0.09125475285171103
0 0.8121428571428572 0.8174904942965779 0.06714285714285714 0.11026615969581749