0 0.7435714285714285 0.22805139186295503 0.05857142857142857 0.04068522483940043
0 0.7564285714285715 0.32441113490364026 0.05 0.044967880085653104
0 0.6907142857142857 0.3297644539614561 0.055714285714285716 0.047109207708779445
0 0.6757142857142857 0.2366167023554604 0.04857142857142857 0.044967880085653104
0 0.6078571428571429 0.2430406852248394 0.047142857142857146 0.03640256959314775
0 0.6221428571428571 0.3340471092077088 0.047142857142857146 0.042826552462526764
0 0.5435714285714286 0.2505353319057816 0.047142857142857146 0.042826552462526764
0 0.5571428571428572 0.3436830835117773 0.045714285714285714 0.044967880085653104
0 0.5964285714285714 0.4282655246252677 0.05857142857142857 0.05139186295503212
0 0.6121428571428571 0.5331905781584583 0.05285714285714286 0.05139186295503212
0 0.5328571428571428 0.5396145610278372 0.054285714285714284 0.05139186295503212
0 0.5157142857142857 0.4346895074946467 0.054285714285714284 0.047109207708779445
0 0.43714285714285717 0.4411134903640257 0.05714285714285714 0.047109207708779445
0 0.455 0.5438972162740899 0.04428571428571428 0.05139186295503212
0 0.36142857142857143 0.4400428265524625 0.054285714285714284 0.04068522483940043
0 0.385 0.5449678800856531 0.05285714285714286 0.04925053533190578
0 0.3464285714285714 0.5492505353319058 0.06142857142857143 0.15631691648822268
0 0.3007142857142857 0.5342612419700214 0.03 0.07494646680942184
0 0.09285714285714286 0.7237687366167024 0.06571428571428571 0.055674518201284794
0 0.11571428571428571 0.8565310492505354 0.06285714285714286 0.06423982869379015
0 0.10142857142857142 0.7334047109207709 0.07142857142857142 0.1777301927194861
0 0.13357142857142856 0.7901498929336188 0.041428571428571426 0.07708779443254818
0 0.17785714285714285 0.7259100642398287 0.06428571428571428 0.06423982869379015
0 0.19857142857142857 0.8565310492505354 0.06571428571428571 0.059957173447537475
0 0.26857142857142857 0.7205567451820128 0.06571428571428571 0.06209850107066381
0 0.2907142857142857 0.8565310492505354 0.07285714285714286 0.059957173447537475
0 0.36142857142857143 0.721627408993576 0.07428571428571429 0.059957173447537475
0 0.3842857142857143 0.8554603854389722 0.07142857142857142 0.06209850107066381