0 0.1781524926686217 0.3465298142717498 0.2829912023460411 0.06744868035190615
0 0.8189149560117303 0.37194525904203324 0.2653958944281525 0.07135874877810362
0 0.4340175953079179 0.6480938416422287 0.12316715542521994 0.05865102639296188
0 0.7521994134897361 0.6456500488758553 0.11730205278592376 0.05180840664711633
0 0.7653958944281525 0.7282502443792767 0.12609970674486803 0.05474095796676442
0 0.43841642228739003 0.7316715542521994 0.14076246334310852 0.053763440860215055
0 0.16055718475073313 0.8660801564027371 0.3181818181818182 0.08797653958944282
0 0.8775659824046921 0.8626588465298143 0.24486803519061584 0.07135874877810362
0 0.42595307917888564 0.18181818181818182 0.11290322580645161 0.06256109481915934
0 0.7214076246334311 0.20039100684261973 0.12316715542521994 0.06060606060606061
0 0.7199413489736071 0.1348973607038123 0.12316715542521994 0.056695992179863146
0 0.4318181818181818 0.11436950146627566 0.1187683284457478 0.06256109481915934