0 0.6477941176470589 0.048828125 0.051470588235294115 0.095703125
0 0.6036764705882353 0.09033203125 0.04264705882352941 0.0869140625
0 0.913235294117647 0.31298828125 0.047058823529411764 0.1064453125
0 0.8485294117647059 0.36328125 0.052941176470588235 0.103515625
0 0.8757352941176471 0.48388671875 0.20147058823529412 0.0439453125
0 0.8080882352941177 0.5703125 0.045588235294117645 0.119140625
0 0.7058823529411765 0.62744140625 0.04411764705882353 0.1083984375
0 0.047058823529411764 0.41650390625 0.09117647058823529 0.0380859375
0 0.025 0.05078125 0.047058823529411764 0.06640625
0 0.6485294117647059 0.61376953125 0.07058823529411765 0.0595703125
0 0.5705882352941176 0.1025390625 0.061764705882352944 0.072265625