0 0.26357142857142857 0.37044967880085655 0.09571428571428571 0.14132762312633834
0 0.24642857142857144 0.7944325481798715 0.08714285714285715 0.1284796573875803
0 0.29714285714285715 0.7398286937901499 0.025714285714285714 0.1006423982869379
0 0.4764285714285714 0.5706638115631691 0.03 0.12633832976445397
0 0.38357142857142856 0.2012847965738758 0.07857142857142857 0.08993576017130621
0 0.48214285714285715 0.14132762312633834 0.06428571428571428 0.07708779443254818
0 0.35928571428571426 0.30728051391862954 0.07857142857142857 0.12205567451820129
0 0.5685714285714286 0.4625267665952891 0.09428571428571429 0.10278372591006424
0 0.7192857142857143 0.6509635974304069 0.06714285714285714 0.047109207708779445
0 0.6542857142857142 0.39079229122055675 0.06 0.04925053533190578
0 0.7771428571428571 0.7462526766595289 0.08 0.05353319057815846
0 0.7228571428571429 0.8511777301927195 0.022857142857142857 0.10492505353319058
0 0.4828571428571429 0.9721627408993576 0.04285714285714286 0.055674518201284794