0 0.35702341137123744 0.3672222222222222 0.20234113712374582 0.04555555555555556
0 0.7316053511705686 0.06055555555555556 0.21906354515050167 0.05
0 0.9239130434782609 0.22722222222222221 0.1454849498327759 0.043333333333333335
0 0.6086956521739131 0.47833333333333333 0.046822742474916385 0.09444444444444444
0 0.6178929765886287 0.5972222222222222 0.2591973244147157 0.043333333333333335
0 0.8678929765886287 0.675 0.11705685618729098 0.13666666666666666
0 0.2993311036789298 0.7388888888888889 0.20066889632107024 0.03777777777777778
0 0.504180602006689 0.8327777777777777 0.05518394648829431 0.12333333333333334
0 0.21153846153846154 0.9083333333333333 0.225752508361204 0.03666666666666667
0 0.391304347826087 0.9661111111111111 0.06354515050167224 0.06777777777777778
0 0.6463210702341137 0.7683333333333333 0.19230769230769232 0.06333333333333334