0 0.4508333333333333 0.13111111111111112 0.155 0.05333333333333334
0 0.3566666666666667 0.06111111111111111 0.14666666666666667 0.044444444444444446
0 0.5725 0.25 0.17833333333333334 0.06
0 0.9233333333333333 0.24722222222222223 0.15333333333333332 0.058888888888888886
0 0.3516666666666667 0.5122222222222222 0.19333333333333333 0.042222222222222223
0 0.7866666666666666 0.5211111111111111 0.17 0.06222222222222222
0 0.6516666666666666 0.7461111111111111 0.13666666666666666 0.04777777777777778
0 0.16083333333333333 0.7277777777777777 0.15166666666666667 0.04666666666666667
0 0.043333333333333335 0.6805555555555556 0.08333333333333333 0.043333333333333335
0 0.25666666666666665 0.36277777777777775 0.13333333333333333 0.05
0 0.7116666666666667 0.18666666666666668 0.14333333333333334 0.08
0 0.5741666666666667 0.09333333333333334 0.105 0.044444444444444446
0 0.0325 0.8333333333333334 0.06166666666666667 0.035555555555555556