0 0.3637123745819398 0.29388888888888887 0.19230769230769232 0.03666666666666667
0 0.927257525083612 0.14166666666666666 0.1454849498327759 0.03888888888888889
0 0.6195652173913043 0.4011111111111111 0.04180602006688963 0.09777777777777778
0 0.6295986622073578 0.5177777777777778 0.24581939799331104 0.04666666666666667
0 0.882943143812709 0.5938888888888889 0.12374581939799331 0.1411111111111111
0 0.31521739130434784 0.6633333333333333 0.205685618729097 0.03333333333333333
0 0.520066889632107 0.7588888888888888 0.056856187290969896 0.12444444444444444
0 0.6563545150501672 0.6872222222222222 0.18561872909698995 0.06111111111111111
0 0.23578595317725753 0.8344444444444444 0.22742474916387959 0.03777777777777778
0 0.4230769230769231 0.9177777777777778 0.07692307692307693 0.1288888888888889
0 0.8938127090301003 0.9561111111111111 0.05852842809364549 0.08777777777777777