0 0.2042857142857143 0.4535637149028078 0.05142857142857143 0.06479481641468683
0 0.215 0.28293736501079914 0.055714285714285716 0.047516198704103674
0 0.12071428571428572 0.20086393088552915 0.041428571428571426 0.06047516198704104
0 0.11214285714285714 0.12311015118790497 0.05285714285714286 0.038876889848812095
0 0.2007142857142857 0.03131749460043196 0.04428571428571428 0.058315334773218146
0 0.4164285714285714 0.04967602591792657 0.05 0.08639308855291576
0 0.45785714285714285 0.035637149028077755 0.024285714285714285 0.06695464362850972
0 0.5207142857142857 0.13822894168466524 0.04428571428571428 0.04319654427645788
0 0.5035714285714286 0.22138228941684665 0.06142857142857143 0.0755939524838013
0 0.4614285714285714 0.2818574514038877 0.045714285714285714 0.04535637149028078
0 0.48857142857142855 0.36069114470842334 0.022857142857142857 0.07775377969762419
0 0.43214285714285716 0.44600431965442766 0.04428571428571428 0.06263498920086392
0 0.46714285714285714 0.46220302375809935 0.022857142857142857 0.06911447084233262