0 0.36857142857142855 0.12955032119914348 0.06285714285714286 0.08779443254817987
0 0.39714285714285713 0.15524625267665954 0.06 0.09635974304068523
0 0.24714285714285714 0.4197002141327623 0.06571428571428571 0.09850107066381156
0 0.2792857142857143 0.44539614561027835 0.06714285714285714 0.09421841541755889
0 0.15071428571428572 0.4796573875802998 0.05285714285714286 0.09421841541755889
0 0.025 0.778372591006424 0.047142857142857146 0.10492505353319058
0 0.3464285714285714 0.943254817987152 0.07571428571428572 0.07922912205567452
0 0.3842857142857143 0.9571734475374732 0.07428571428571429 0.08137044967880086
0 0.755 0.4411134903640257 0.06428571428571428 0.08137044967880086
0 0.7778571428571428 0.4593147751605996 0.06714285714285714 0.07922912205567452
0 0.8764285714285714 0.8458244111349036 0.07285714285714286 0.06852248394004283
0 0.8985714285714286 0.8683083511777302 0.07142857142857142 0.06209850107066381