0 0.23993288590604026 0.3233333333333333 0.053691275167785234 0.051111111111111114
0 0.06963087248322147 0.48444444444444446 0.06879194630872483 0.051111111111111114
0 0.2600671140939597 0.4661111111111111 0.040268456375838924 0.05
0 0.11912751677852348 0.6177777777777778 0.03355704697986577 0.04888888888888889
0 0.1644295302013423 0.6927777777777778 0.06375838926174497 0.043333333333333335
0 0.20553691275167785 0.8105555555555556 0.04194630872483222 0.04777777777777778
0 0.8104026845637584 0.8161111111111111 0.06375838926174497 0.052222222222222225
0 0.8934563758389261 0.6222222222222222 0.05201342281879195 0.044444444444444446
0 0.9614093959731543 0.49666666666666665 0.030201342281879196 0.04888888888888889
0 0.75251677852349 0.4727777777777778 0.04194630872483222 0.05444444444444444
0 0.7953020134228188 0.3322222222222222 0.03691275167785235 0.044444444444444446