0 0.6785714285714286 0.5203426124197003 0.06857142857142857 0.06852248394004283
0 0.6942857142857143 0.4892933618843683 0.06285714285714286 0.06209850107066381
0 0.2092857142857143 0.7098501070663812 0.06714285714285714 0.07066381156316917
0 0.2292857142857143 0.6862955032119914 0.06142857142857143 0.06209850107066381
0 0.23714285714285716 0.6541755888650964 0.04285714285714286 0.057815845824411134
0 0.5078571428571429 0.12955032119914348 0.055714285714285716 0.06209850107066381
0 0.4942857142857143 0.15845824411134904 0.05142857142857143 0.06423982869379015
0 0.4471428571428571 0.26552462526766596 0.06285714285714286 0.08137044967880086
0 0.4635714285714286 0.22376873661670235 0.06142857142857143 0.08779443254817987
0 0.6885714285714286 0.3361884368308351 0.054285714285714284 0.055674518201284794
0 0.6728571428571428 0.360813704496788 0.06 0.057815845824411134