0 0.92 0.6734475374732334 0.11142857142857143 0.09635974304068523
0 0.09214285714285714 0.6745182012847966 0.11 0.10706638115631692
0 0.1992857142857143 0.4261241970021413 0.08714285714285715 0.06852248394004283
0 0.20357142857142857 0.69593147751606 0.055714285714285716 0.047109207708779445
0 0.3192857142857143 0.4271948608137045 0.11 0.06209850107066381
0 0.3578571428571429 0.2708779443254818 0.09 0.05353319057815846
0 0.25785714285714284 0.2676659528907923 0.07 0.047109207708779445
0 0.6535714285714286 0.2623126338329764 0.09285714285714286 0.05353319057815846
0 0.6892857142857143 0.4261241970021413 0.11285714285714285 0.0728051391862955
0 0.8092857142857143 0.42398286937901497 0.08714285714285715 0.06423982869379015
0 0.7521428571428571 0.26124197002141325 0.07571428571428572 0.042826552462526764
0 0.7664285714285715 0.6702355460385439 0.14142857142857143 0.08137044967880086