0 0.3338926174496644 0.20055555555555554 0.03355704697986577 0.07888888888888888
0 0.37583892617449666 0.2 0.03355704697986577 0.07777777777777778
0 0.3414429530201342 0.31166666666666665 0.04530201342281879 0.08333333333333333
0 0.3934563758389262 0.3111111111111111 0.04194630872483222 0.08222222222222222
0 0.26174496644295303 0.3888888888888889 0.03355704697986577 0.08444444444444445
0 0.20973154362416108 0.38722222222222225 0.03355704697986577 0.09
0 0.22483221476510068 0.5133333333333333 0.050335570469798654 0.09333333333333334
0 0.27768456375838924 0.5083333333333333 0.05201342281879195 0.09
0 0.09731543624161074 0.6394444444444445 0.040268456375838924 0.08333333333333333
0 0.0436241610738255 0.6366666666666667 0.0436241610738255 0.09555555555555556
0 0.07550335570469799 0.7727777777777778 0.050335570469798654 0.09888888888888889
0 0.13087248322147652 0.7661111111111111 0.06040268456375839 0.09666666666666666