0 0.2991202346041056 0.9105571847507331 0.08797653958944282 0.14565004887585534
0 0.7609970674486803 0.8318670576735093 0.07331378299120235 0.12121212121212122
0 0.5300586510263929 0.9589442815249267 0.08064516129032258 0.08211143695014662
0 0.4662756598240469 0.7140762463343109 0.15835777126099707 0.05180840664711633
0 0.5131964809384164 0.6759530791788856 0.15542521994134897 0.042033235581622676
0 0.5447214076246334 0.6314760508308895 0.13636363636363635 0.04887585532746823
0 0.45234604105571846 0.5356793743890518 0.13049853372434017 0.07038123167155426
0 0.4831378299120235 0.48826979472140764 0.12463343108504399 0.0772238514173998
0 0.5153958944281525 0.4525904203323558 0.1217008797653959 0.0801564027370479
0 0.5153958944281525 0.4022482893450635 0.15689149560117302 0.03812316715542522
0 0.5271260997067448 0.3621700879765396 0.14222873900293256 0.04594330400782014