0 0.4161764705882353 0.39794921875 0.08235294117647059 0.0400390625
0 0.42720588235294116 0.43505859375 0.054411764705882354 0.0185546875
0 0.37573529411764706 0.5400390625 0.08676470588235294 0.04296875
0 0.3625 0.69091796875 0.09558823529411764 0.0478515625
0 0.3669117647058823 0.72998046875 0.045588235294117645 0.0244140625
0 0.3801470588235294 0.5751953125 0.051470588235294115 0.021484375
0 0.6227941176470588 0.5048828125 0.11323529411764706 0.0625
0 0.8286764705882353 0.578125 0.12205882352941176 0.056640625
0 0.5573529411764706 0.75 0.08529411764705883 0.041015625
0 0.8191176470588235 0.39306640625 0.10588235294117647 0.0537109375
0 0.6485294117647059 0.32080078125 0.1 0.0537109375
0 0.7661764705882353 0.287109375 0.08529411764705883 0.046875
0 0.6161764705882353 0.22705078125 0.08823529411764706 0.0517578125