0 0.1942815249266862 0.39100684261974583 0.08651026392961877 0.03519061583577713
0 0.2932551319648094 0.42424242424242425 0.06158357771260997 0.0469208211143695
0 0.3350439882697947 0.4252199413489736 0.054252199413489736 0.0469208211143695
0 0.6620234604105572 0.2375366568914956 0.0689149560117302 0.02541544477028348
0 0.718475073313783 0.29178885630498536 0.06744868035190615 0.047898338220918865
0 0.7668621700879765 0.28885630498533726 0.05278592375366569 0.04594330400782014
0 0.7221407624633431 0.36070381231671556 0.0718475073313783 0.03128054740957967
0 0.782991202346041 0.41348973607038125 0.05865102639296188 0.0469208211143695
0 0.8328445747800587 0.41300097751710657 0.07038123167155426 0.053763440860215055
0 0.7903225806451613 0.5039100684261975 0.07038123167155426 0.03225806451612903
0 0.8607038123167156 0.5557184750733137 0.06451612903225806 0.04594330400782014
0 0.9200879765395894 0.5581622678396871 0.054252199413489736 0.04105571847507331
0 0.13856304985337242 0.5454545454545454 0.09824046920821114 0.02932551319648094
0 0.24193548387096775 0.5767350928641252 0.05571847507331378 0.043010752688172046
0 0.2829912023460411 0.5782013685239492 0.06158357771260997 0.04398826979472141
0 0.07771260997067449 0.7043010752688172 0.10263929618768329 0.03225806451612903
0 0.18255131964809385 0.729227761485826 0.06304985337243402 0.043010752688172046
0 0.2221407624633431 0.7306940371456501 0.06304985337243402 0.04594330400782014