0 0.13095238095238096 0.4501466275659824 0.19523809523809524 0.06549364613880743
0 0.35714285714285715 0.3709677419354839 0.10793650793650794 0.06158357771260997
0 0.3246031746031746 0.261485826001955 0.16666666666666666 0.05180840664711633
0 0.5992063492063492 0.1627565982404692 0.10952380952380952 0.06158357771260997
0 0.15476190476190477 0.7927663734115347 0.18253968253968253 0.04887585532746823
0 0.2777777777777778 0.8255131964809385 0.044444444444444446 0.09286412512218964
0 0.6460317460317461 0.7409579667644184 0.044444444444444446 0.10361681329423265
0 0.7412698412698413 0.6539589442815249 0.13968253968253969 0.06256109481915934
0 0.6476190476190476 0.9022482893450635 0.1365079365079365 0.039100684261974585
0 0.9468253968253968 0.9125122189638318 0.03333333333333333 0.059628543499511244
0 0.9619047619047619 0.6705767350928641 0.06984126984126984 0.02932551319648094
0 0.8166666666666667 0.39638318670576733 0.09047619047619047 0.04398826979472141