0 0.07120980091883614 0.2060546875 0.04134762633996937 0.048828125
0 0.11026033690658499 0.32080078125 0.039816232771822356 0.0576171875
0 0.12863705972434916 0.3857421875 0.042879019908116385 0.04296875
0 0.1584992343032159 0.48388671875 0.04134762633996937 0.0537109375
0 0.18529862174578868 0.57666015625 0.036753445635528334 0.0400390625
0 0.20980091883614088 0.6611328125 0.039816232771822356 0.046875
0 0.7672281776416539 0.65576171875 0.039816232771822356 0.0439453125
0 0.7649310872894334 0.5703125 0.0444104134762634 0.033203125
0 0.8246554364471669 0.47607421875 0.03828483920367534 0.0517578125
0 0.8269525267993875 0.37841796875 0.045941807044410414 0.0400390625
0 0.8751914241960184 0.31689453125 0.03522205206738132 0.0556640625
0 0.8889739663093414 0.2001953125 0.0444104134762634 0.048828125