0 0.6971428571428572 0.22008547008547008 0.17142857142857143 0.0811965811965812
0 0.7814285714285715 0.0641025641025641 0.18285714285714286 0.1111111111111111
0 0.6478571428571429 0.3643162393162393 0.11 0.09188034188034189
0 0.05928571428571429 0.4358974358974359 0.11571428571428571 0.09829059829059829
0 0.055714285714285716 0.7371794871794872 0.10857142857142857 0.10683760683760683
0 0.4107142857142857 0.6506410256410257 0.05857142857142857 0.16452991452991453
0 0.4735714285714286 0.5373931623931624 0.05857142857142857 0.17735042735042736
0 0.5528571428571428 0.39636752136752135 0.06571428571428571 0.16880341880341881
0 0.9285714285714286 0.7232905982905983 0.04857142857142857 0.202991452991453
0 0.8371428571428572 0.8365384615384616 0.054285714285714284 0.19444444444444445
0 0.8064285714285714 0.9444444444444444 0.03 0.1111111111111111
0 0.7485714285714286 0.9220085470085471 0.045714285714285714 0.15598290598290598
0 0.7342857142857143 0.23931623931623933 0.045714285714285714 0.1623931623931624
0 0.8121428571428572 0.1047008547008547 0.047142857142857146 0.17094017094017094