0 0.19926470588235295 0.28759765625 0.06323529411764706 0.0673828125
0 0.24338235294117647 0.203125 0.054411764705882354 0.068359375
0 0.24338235294117647 0.416015625 0.057352941176470586 0.064453125
0 0.1889705882352941 0.4921875 0.060294117647058824 0.068359375
0 0.23823529411764705 0.66064453125 0.06470588235294118 0.0654296875
0 0.1860294117647059 0.72900390625 0.06323529411764706 0.0576171875
0 0.5595588235294118 0.3251953125 0.04852941176470588 0.060546875
0 0.6323529411764706 0.23876953125 0.058823529411764705 0.0595703125
0 0.6514705882352941 0.453125 0.07941176470588235 0.060546875
0 0.5801470588235295 0.52734375 0.06323529411764706 0.060546875
0 0.6735294117647059 0.6923828125 0.07647058823529412 0.05859375
0 0.600735294117647 0.7578125 0.075 0.064453125