0 0.3467741935483871 0.41104594330400784 0.0718475073313783 0.04594330400782014
0 0.7287390029325513 0.25757575757575757 0.08211143695014662 0.04985337243401759
0 0.7404692082111437 0.4027370478983382 0.06158357771260997 0.04105571847507331
0 0.8533724340175953 0.4550342130987292 0.07624633431085044 0.05180840664711633
0 0.594574780058651 0.19403714565004887 0.06304985337243402 0.04398826979472141
0 0.22947214076246333 0.35239491691104596 0.060117302052785926 0.03421309872922776
0 0.1378299120234604 0.6295210166177908 0.06451612903225806 0.02932551319648094
0 0.24413489736070382 0.6749755620723362 0.0747800586510264 0.04398826979472141
0 0.6363636363636364 0.6730205278592375 0.07331378299120235 0.03225806451612903
0 0.7976539589442815 0.7243401759530792 0.08504398826979472 0.043010752688172046
0 0.19281524926686217 0.821603128054741 0.08064516129032258 0.028347996089931573
0 0.3284457478005865 0.8592375366568915 0.06451612903225806 0.03714565004887586