0 0.2507142857142857 0.2952586206896552 0.09285714285714286 0.15948275862068967
0 0.31357142857142856 0.25538793103448276 0.027142857142857142 0.10560344827586207
0 0.39071428571428574 0.1724137931034483 0.11285714285714285 0.07758620689655173
0 0.37 0.41487068965517243 0.13142857142857142 0.0668103448275862
0 0.2842857142857143 0.5086206896551724 0.022857142857142857 0.1336206896551724
0 0.22071428571428572 0.5495689655172413 0.10142857142857142 0.16810344827586207
0 0.165 0.8685344827586207 0.11 0.1896551724137931
0 0.23785714285714285 0.822198275862069 0.03 0.16594827586206898
0 0.3314285714285714 0.7133620689655172 0.14857142857142858 0.08189655172413793
0 0.6221428571428571 0.740301724137931 0.05285714285714286 0.10991379310344827
0 0.7285714285714285 0.6185344827586207 0.11428571428571428 0.08620689655172414
0 0.7621428571428571 0.896551724137931 0.11857142857142858 0.09482758620689655