0 0.06357142857142857 0.6738197424892703 0.09285714285714286 0.06437768240343347
0 0.05 0.29935622317596566 0.08857142857142856 0.06652360515021459
0 0.19857142857142857 0.27360515021459225 0.10857142857142857 0.027896995708154508
0 0.27285714285714285 0.30150214592274677 0.08 0.0407725321888412
0 0.4185714285714286 0.2757510729613734 0.08 0.032188841201716736
0 0.46 0.3723175965665236 0.07714285714285714 0.027896995708154508
0 0.39357142857142857 0.5718884120171673 0.09 0.03648068669527897
0 0.2671428571428571 0.5869098712446352 0.05714285714285714 0.03648068669527897
0 0.21071428571428572 0.6512875536480687 0.11 0.032188841201716736
0 0.29428571428571426 0.7081545064377682 0.08285714285714285 0.04291845493562232
0 0.45285714285714285 0.6845493562231759 0.08857142857142856 0.034334763948497854
0 0.5035714285714286 0.7553648068669528 0.09571428571428571 0.034334763948497854
0 0.3414285714285714 0.776824034334764 0.06285714285714286 0.034334763948497854