0 0.313915857605178 0.445 0.14563106796116504 0.04555555555555556
0 0.29854368932038833 0.47944444444444445 0.15372168284789645 0.04777777777777778
0 0.32524271844660196 0.6066666666666667 0.032362459546925564 0.06444444444444444
0 0.31472491909385114 0.6783333333333333 0.14401294498381878 0.03888888888888889
0 0.3640776699029126 0.76 0.038834951456310676 0.07555555555555556
0 0.767799352750809 0.6827777777777778 0.14401294498381878 0.04777777777777778
0 0.6634304207119741 0.4633333333333333 0.038834951456310676 0.04666666666666667
0 0.6553398058252428 0.26666666666666666 0.042071197411003236 0.028888888888888888
0 0.7313915857605178 0.30333333333333334 0.03559870550161812 0.07555555555555556
0 0.7580906148867314 0.3977777777777778 0.0372168284789644 0.057777777777777775
0 0.7718446601941747 0.45055555555555554 0.1488673139158576 0.04111111111111111
0 0.8211974110032363 0.4855555555555556 0.16666666666666666 0.044444444444444446