0 0.6892857142857143 0.12955032119914348 0.055714285714285716 0.03640256959314775
0 0.7857142857142857 0.1937901498929336 0.06 0.032119914346895075
0 0.8371428571428572 0.28051391862955033 0.03142857142857143 0.055674518201284794
0 0.945 0.360813704496788 0.04428571428571428 0.07494646680942184
0 0.79 0.4785867237687366 0.06571428571428571 0.03640256959314775
0 0.9664285714285714 0.6402569593147751 0.047142857142857146 0.07708779443254818
0 0.505 0.4817987152034261 0.047142857142857146 0.034261241970021415
0 0.4857142857142857 0.7248394004282656 0.06285714285714286 0.023554603854389723
0 0.5492857142857143 0.867237687366167 0.07 0.03854389721627409
0 0.6435714285714286 0.8426124197002142 0.041428571428571426 0.04925053533190578
0 0.7185714285714285 0.9817987152034261 0.03142857142857143 0.032119914346895075