0 0.6941666666666667 0.23277777777777778 0.03166666666666667 0.04777777777777778
0 0.6958333333333333 0.3477777777777778 0.03166666666666667 0.05555555555555555
0 0.6983333333333334 0.4722222222222222 0.03666666666666667 0.06
0 0.7033333333333334 0.6672222222222223 0.03333333333333333 0.07
0 0.7058333333333333 0.8261111111111111 0.035 0.07444444444444444
0 0.7116666666666667 0.9822222222222222 0.03666666666666667 0.035555555555555556
0 0.27666666666666667 0.9566666666666667 0.04 0.06666666666666667
0 0.30083333333333334 0.8044444444444444 0.028333333333333332 0.06888888888888889
0 0.3283333333333333 0.6183333333333333 0.03666666666666667 0.056666666666666664
0 0.3416666666666667 0.4938888888888889 0.03 0.052222222222222225
0 0.35833333333333334 0.38055555555555554 0.023333333333333334 0.04777777777777778