0 0.8758333333333334 0.31333333333333335 0.13166666666666665 0.07777777777777778
0 0.645 0.24444444444444444 0.13666666666666666 0.035555555555555556
0 0.605 0.4622222222222222 0.14 0.03333333333333333
0 0.8366666666666667 0.5227777777777778 0.12 0.07
0 0.7983333333333333 0.7361111111111112 0.13666666666666666 0.06777777777777778
0 0.5541666666666667 0.6794444444444444 0.155 0.034444444444444444
0 0.3475 0.5661111111111111 0.08166666666666667 0.04111111111111111
0 0.37 0.7072222222222222 0.07 0.043333333333333335
0 0.41833333333333333 0.8766666666666667 0.1 0.04888888888888889
0 0.22083333333333333 0.8305555555555556 0.115 0.025555555555555557
0 0.1925 0.6688888888888889 0.11833333333333333 0.028888888888888888
0 0.16166666666666665 0.5294444444444445 0.1 0.025555555555555557