0 0.2835714285714286 0.19164882226980728 0.06714285714285714 0.10492505353319058
0 0.33 0.19914346895074947 0.025714285714285714 0.11134903640256959
0 0.6035714285714285 0.30728051391862954 0.02142857142857143 0.10492505353319058
0 0.2735714285714286 0.47751605995717344 0.07285714285714286 0.10706638115631692
0 0.31785714285714284 0.49143468950749464 0.02142857142857143 0.11777301927194861
0 0.5942857142857143 0.5963597430406852 0.025714285714285714 0.12205567451820129
0 0.2571428571428571 0.7773019271948608 0.07142857142857142 0.09850107066381156
0 0.3028571428571429 0.8072805139186295 0.03428571428571429 0.11991434689507495
0 0.5857142857142857 0.8940042826552462 0.022857142857142857 0.12205567451820129
0 0.49857142857142855 0.7569593147751607 0.06857142857142857 0.04068522483940043
0 0.505 0.44967880085653106 0.07 0.05139186295503212
0 0.515 0.15631691648822268 0.06428571428571428 0.047109207708779445