0 0.1657142857142857 0.778969957081545 0.12857142857142856 0.16738197424892703
0 0.21571428571428572 0.7585836909871244 0.09142857142857143 0.1351931330472103
0 0.29428571428571426 0.6620171673819742 0.06857142857142857 0.08798283261802575
0 0.32071428571428573 0.9334763948497854 0.07857142857142857 0.13304721030042918
0 0.2742857142857143 0.9656652360515021 0.04857142857142857 0.06866952789699571
0 0.7171428571428572 0.3208154506437768 0.06285714285714286 0.11373390557939914
0 0.6214285714285714 0.17060085836909872 0.06857142857142857 0.09656652360515021
0 0.69 0.059012875536480686 0.08 0.11373390557939914
0 0.7221428571428572 0.034334763948497854 0.06142857142857143 0.06437768240343347
0 0.7971428571428572 0.22424892703862662 0.07714285714285714 0.12660944206008584
0 0.8342857142857143 0.2371244635193133 0.09142857142857143 0.18669527896995708