0 0.195 0.24974619289340103 0.1442857142857143 0.08121827411167512
0 0.3992857142857143 0.20456852791878172 0.10714285714285714 0.03959390862944162
0 0.16142857142857142 0.47411167512690355 0.15142857142857144 0.07918781725888324
0 0.3807142857142857 0.42842639593908627 0.10428571428571429 0.04467005076142132
0 0.2042857142857143 0.7360406091370558 0.16285714285714287 0.083248730964467
0 0.42857142857142855 0.6842639593908629 0.11428571428571428 0.04060913705583756
0 0.6757142857142857 0.632994923857868 0.13142857142857142 0.06395939086294417
0 0.6128571428571429 0.39543147208121826 0.11142857142857143 0.06192893401015229
0 0.8142857142857143 0.3568527918781726 0.09714285714285714 0.047715736040609136
0 0.88 0.5979695431472081 0.10571428571428572 0.04263959390862944
0 0.6907142857142857 0.8609137055837564 0.11571428571428571 0.05888324873096447
0 0.8978571428571429 0.8213197969543147 0.10714285714285714 0.04060913705583756