0 0.6185714285714285 0.658458244111349 0.13428571428571429 0.16488222698072805
0 0.815 0.5342612419700214 0.15 0.18201284796573874
0 0.41 0.7387580299785867 0.06285714285714286 0.11134903640256959
0 0.6542857142857142 0.10492505353319058 0.045714285714285714 0.11563169164882227
0 0.5364285714285715 0.17987152034261242 0.09285714285714286 0.10706638115631692
0 0.5357142857142857 0.4089935760171306 0.09142857142857143 0.11563169164882227
0 0.39714285714285713 0.31798715203426126 0.04285714285714286 0.08779443254817987
0 0.29 0.38650963597430404 0.08857142857142856 0.09207708779443255
0 0.21428571428571427 0.43576017130620986 0.07714285714285714 0.10492505353319058
0 0.28214285714285714 0.5952890792291221 0.07571428571428572 0.09421841541755889
0 0.21285714285714286 0.6434689507494646 0.08285714285714285 0.09207708779443255
0 0.7092857142857143 0.9550321199143469 0.06142857142857143 0.08993576017130621