0 0.21428571428571427 0.35668449197860963 0.037142857142857144 0.05026737967914439
0 0.18785714285714286 0.48770053475935826 0.05 0.047058823529411764
0 0.2757142857142857 0.45828877005347596 0.04857142857142857 0.058823529411764705
0 0.2592857142857143 0.5946524064171123 0.04428571428571428 0.059893048128342244
0 0.36428571428571427 0.3320855614973262 0.02857142857142857 0.052406417112299465
0 0.3092857142857143 0.23315508021390374 0.03857142857142857 0.0427807486631016
0 0.8064285714285714 0.14331550802139037 0.027142857142857142 0.04919786096256684
0 0.8821428571428571 0.24705882352941178 0.03 0.05561497326203209
0 0.8442857142857143 0.24438502673796791 0.03428571428571429 0.05026737967914439
0 0.865 0.38342245989304813 0.03571428571428571 0.06096256684491978
0 0.9207142857142857 0.36203208556149735 0.03571428571428571 0.06737967914438503
0 0.9092857142857143 0.5053475935828877 0.03571428571428571 0.06310160427807486