0 0.24214285714285713 0.35327313769751695 0.05285714285714286 0.033860045146726865
0 0.27785714285714286 0.44808126410835214 0.032857142857142856 0.0654627539503386
0 0.155 0.582392776523702 0.05285714285714286 0.03160270880361174
0 0.185 0.6512415349887133 0.02142857142857143 0.06997742663656885
0 0.18857142857142858 0.7302483069977427 0.06 0.033860045146726865
0 0.2735714285714286 0.9006772009029346 0.027142857142857142 0.06320541760722348
0 0.5085714285714286 0.8623024830699775 0.02857142857142857 0.05417607223476298
0 0.5307142857142857 0.8645598194130926 0.015714285714285715 0.07223476297968397
0 0.45071428571428573 0.6772009029345373 0.05857142857142857 0.03160270880361174
0 0.4957142857142857 0.7381489841986456 0.02 0.07674943566591422
0 0.5714285714285714 0.5790067720090294 0.03428571428571429 0.06997742663656885
0 0.56 0.5079006772009029 0.04857142857142857 0.040632054176072234
0 0.48857142857142855 0.40632054176072235 0.025714285714285714 0.06772009029345373
0 0.5107142857142857 0.3803611738148984 0.02142857142857143 0.09706546275395034
0 0.4657142857142857 0.31038374717832956 0.05142857142857143 0.033860045146726865