0 0.4338235294117647 0.20234604105571846 0.061764705882352944 0.05474095796676442
0 0.5625 0.24975562072336266 0.09852941176470588 0.03616813294232649
0 0.5955882352941176 0.29716520039100686 0.11176470588235295 0.05083088954056696
0 0.4919117647058823 0.3088954056695992 0.09264705882352942 0.05474095796676442
0 0.6044117647058823 0.36608015640273706 0.11470588235294117 0.042033235581622676
0 0.6867647058823529 0.458455522971652 0.1323529411764706 0.05865102639296188
0 0.6389705882352941 0.47996089931573804 0.060294117647058824 0.07233626588465299
0 0.47941176470588237 0.5175953079178885 0.12352941176470589 0.042033235581622676
0 0.6205882352941177 0.6485826001955034 0.1323529411764706 0.047898338220918865
0 0.5514705882352942 0.6749755620723362 0.052941176470588235 0.06158357771260997
0 0.3338235294117647 0.4667644183773216 0.09411764705882353 0.05767350928641251