0 0.7511045655375552 0.15298142717497556 0.18262150220913106 0.028347996089931573
0 0.5228276877761414 0.07380254154447703 0.11782032400589101 0.0967741935483871
0 0.3630338733431517 0.08211143695014662 0.09278350515463918 0.08211143695014662
0 0.5228276877761414 0.14613880742913002 0.09425625920471281 0.020527859237536656
0 0.34683357879234167 0.4393939393939394 0.08100147275405008 0.08308895405669599
0 0.19219440353460973 0.3489736070381232 0.15758468335787923 0.09579667644183773
0 0.12886597938144329 0.3866080156402737 0.09867452135493372 0.05571847507331378
0 0.05964653902798233 0.6402737047898338 0.09867452135493372 0.05083088954056696
0 0.024300441826215022 0.7981427174975562 0.045655375552282766 0.07135874877810362
0 0.5677466863033873 0.8025415444770283 0.14285714285714285 0.02346041055718475
0 0.4418262150220913 0.855327468230694 0.029455081001472753 0.05865102639296188
0 0.8166421207658321 0.5478983382209188 0.048600883652430045 0.07917888563049853
0 0.9160530191458026 0.5283479960899315 0.16789396170839468 0.03616813294232649