0 0.3717008797653959 0.23655913978494625 0.04252199413489736 0.08211143695014662
0 0.375366568914956 0.3465298142717498 0.03519061583577713 0.08895405669599218
0 0.43255131964809385 0.34701857282502446 0.04105571847507331 0.08602150537634409
0 0.4244868035190616 0.23460410557184752 0.04252199413489736 0.08602150537634409
0 0.3343108504398827 0.5884652981427175 0.03519061583577713 0.093841642228739
0 0.39002932551319647 0.5879765395894428 0.04105571847507331 0.08895405669599218
0 0.3357771260997067 0.7043010752688172 0.03519061583577713 0.08895405669599218
0 0.3878299120234604 0.7028347996089932 0.039589442815249266 0.08797653958944282
0 0.6392961876832844 0.7311827956989247 0.03519061583577713 0.08406647116324535
0 0.6451612903225806 0.8401759530791789 0.03519061583577713 0.08895405669599218
0 0.5857771260997068 0.8352883675464321 0.03372434017595308 0.0635386119257087