0 0.6721428571428572 0.6233905579399142 0.1357142857142857 0.09656652360515021
0 0.6785714285714286 0.9506437768240343 0.15428571428571428 0.0815450643776824
0 0.5014285714285714 0.7446351931330472 0.08571428571428572 0.09012875536480687
0 0.295 0.721030042918455 0.18142857142857144 0.14163090128755365
0 0.06714285714285714 0.9023605150214592 0.13142857142857142 0.16952789699570817
0 0.14642857142857144 0.8744635193133047 0.03571428571428571 0.148068669527897
0 0.5735714285714286 0.7435622317596566 0.018571428571428572 0.10515021459227468
0 0.21142857142857144 0.48068669527896996 0.04 0.11158798283261803
0 0.12142857142857143 0.5236051502145923 0.15428571428571428 0.1759656652360515
0 0.21357142857142858 0.2843347639484979 0.1357142857142857 0.148068669527897
0 0.3457142857142857 0.34120171673819744 0.1457142857142857 0.13733905579399142
0 0.2978571428571429 0.23927038626609443 0.024285714285714285 0.10515021459227468
0 0.41214285714285714 0.11158798283261803 0.1357142857142857 0.13304721030042918