0 0.22071428571428572 0.5987124463519313 0.04428571428571428 0.07296137339055794
0 0.275 0.5246781115879828 0.03571428571428571 0.045064377682403435
0 0.315 0.37124463519313305 0.03857142857142857 0.07725321888412018
0 0.395 0.2757510729613734 0.041428571428571426 0.04935622317596566
0 0.6071428571428571 0.3830472103004292 0.04857142857142857 0.03648068669527897
0 0.5235714285714286 0.4699570815450644 0.04428571428571428 0.06437768240343347
0 0.6978571428571428 0.7049356223175965 0.047142857142857146 0.03648068669527897
0 0.6257142857142857 0.7585836909871244 0.045714285714285714 0.06223175965665236
0 0.6564285714285715 0.9624463519313304 0.024285714285714285 0.06223175965665236
0 0.6857142857142857 0.9012875536480687 0.05142857142857143 0.034334763948497854
0 0.4207142857142857 0.8143776824034334 0.04428571428571428 0.03648068669527897
0 0.38142857142857145 0.8969957081545065 0.02857142857142857 0.11587982832618025
0 0.2764285714285714 0.9549356223175965 0.024285714285714285 0.09012875536480687
0 0.24571428571428572 0.9377682403433476 0.037142857142857144 0.060085836909871244