0 0.24285714285714285 0.7046908315565032 0.025714285714285714 0.07036247334754797
0 0.7428571428571429 0.6897654584221748 0.02857142857142857 0.06183368869936034
0 0.8357142857142857 0.48081023454157784 0.05142857142857143 0.04477611940298507
0 0.7707142857142857 0.4594882729211087 0.018571428571428572 0.057569296375266525
0 0.835 0.2846481876332623 0.03857142857142857 0.031982942430703626
0 0.685 0.16098081023454158 0.03 0.023454157782515993
0 0.17142857142857143 0.23880597014925373 0.02857142857142857 0.05543710021321962
0 0.21142857142857144 0.4445628997867804 0.04285714285714286 0.07036247334754797
0 0.3157142857142857 0.12473347547974413 0.025714285714285714 0.04904051172707889
0 0.3271428571428571 0.2995735607675906 0.014285714285714285 0.04051172707889126
0 0.6364285714285715 0.3187633262260128 0.018571428571428572 0.031982942430703626