0 0.47573529411764703 0.443359375 0.2161764705882353 0.046875
0 0.5095588235294117 0.49169921875 0.225 0.0439453125
0 0.5125 0.22119140625 0.19264705882352942 0.0380859375
0 0.5397058823529411 0.2666015625 0.21176470588235294 0.03515625
0 0.5044117647058823 0.06689453125 0.17058823529411765 0.0302734375
0 0.525 0.1064453125 0.15588235294117647 0.03125
0 0.13455882352941176 0.14892578125 0.14558823529411766 0.0712890625
0 0.16323529411764706 0.181640625 0.14411764705882352 0.068359375
0 0.06764705882352941 0.30322265625 0.1323529411764706 0.0712890625
0 0.08529411764705883 0.35400390625 0.16470588235294117 0.0810546875
0 0.039705882352941174 0.55322265625 0.07647058823529412 0.0556640625