0 0.3871428571428571 0.10920770877944326 0.08 0.08137044967880086
0 0.3342857142857143 0.2044967880085653 0.07142857142857142 0.07066381156316917
0 0.5057142857142857 0.22055674518201285 0.07142857142857142 0.10706638115631692
0 0.4521428571428571 0.30513918629550324 0.07 0.09635974304068523
0 0.41 0.38436830835117775 0.06857142857142857 0.10492505353319058
0 0.2935714285714286 0.29764453961456105 0.07285714285714286 0.0728051391862955
0 0.19357142857142856 0.5 0.06428571428571428 0.06209850107066381
0 0.16071428571428573 0.576017130620985 0.07571428571428572 0.059957173447537475
0 0.12642857142857142 0.6423982869379015 0.07 0.059957173447537475
0 0.2292857142857143 0.69593147751606 0.05857142857142857 0.08565310492505353
0 0.265 0.6370449678800857 0.06142857142857143 0.09207708779443255