0 0.34782608695652173 0.125 0.16722408026755853 0.09222222222222222
0 0.5175585284280937 0.22833333333333333 0.22909698996655517 0.13444444444444445
0 0.29264214046822745 0.17166666666666666 0.18394648829431437 0.11222222222222222
0 0.4289297658862876 0.27444444444444444 0.23578595317725753 0.14666666666666667
0 0.7282608695652174 0.2838888888888889 0.23578595317725753 0.08333333333333333
0 0.6906354515050167 0.3438888888888889 0.2508361204013378 0.08555555555555555
0 0.9038461538461539 0.3877777777777778 0.18561872909698995 0.08666666666666667
0 0.8812709030100334 0.4588888888888889 0.23745819397993312 0.1
0 0.3536789297658863 0.6505555555555556 0.2792642140468227 0.15444444444444444
0 0.26421404682274247 0.7033333333333334 0.2842809364548495 0.14444444444444443
0 0.8545150501672241 0.8266666666666667 0.2909698996655518 0.10444444444444445
0 0.8336120401337793 0.8983333333333333 0.33277591973244147 0.11444444444444445