0 0.34457478005865105 0.32209188660801563 0.05865102639296188 0.03225806451612903
0 0.3225806451612903 0.3680351906158358 0.06158357771260997 0.04007820136852395
0 0.32111436950146627 0.44086021505376344 0.06451612903225806 0.03519061583577713
0 0.2925219941348974 0.4863147605083089 0.06598240469208211 0.042033235581622676
0 0.3526392961876833 0.5684261974584556 0.0689149560117302 0.03421309872922776
0 0.32111436950146627 0.6085043988269795 0.06158357771260997 0.03616813294232649
0 0.7236070381231672 0.624633431085044 0.05718475073313783 0.033235581622678395
0 0.7653958944281525 0.5840664711632454 0.06158357771260997 0.028347996089931573
0 0.7426686217008798 0.5058651026392962 0.060117302052785926 0.03812316715542522
0 0.7096774193548387 0.38465298142717497 0.05865102639296188 0.03812316715542522
0 0.7521994134897361 0.3396871945259042 0.07038123167155426 0.030303030303030304