0 0.22434017595307917 0.30547409579667645 0.24926686217008798 0.08113391984359726
0 0.34750733137829914 0.21065493646138808 0.21700879765395895 0.06744868035190615
0 0.6217008797653959 0.24633431085043989 0.22287390029325513 0.056695992179863146
0 0.7917888563049853 0.15395894428152493 0.21994134897360704 0.04985337243401759
0 0.093841642228739 0.7844574780058651 0.06451612903225806 0.12609970674486803
0 0.8878299120234604 0.48240469208211145 0.19208211143695014 0.03421309872922776
0 0.7353372434017595 0.7653958944281525 0.10117302052785923 0.13098729227761485
0 0.9193548387096774 0.6911045943304008 0.16129032258064516 0.04105571847507331
0 0.8687683284457478 0.8572825024437928 0.19794721407624633 0.03128054740957967
0 0.5505865102639296 0.8866080156402737 0.18035190615835778 0.05474095796676442
0 0.4626099706744868 0.5263929618768328 0.1158357771260997 0.030303030303030304