0 0.3942857142857143 0.03483386923901393 0.06 0.022508038585209004
0 0.39 0.06002143622722401 0.06285714285714286 0.027867095391211148
0 0.5964285714285714 0.02947481243301179 0.06428571428571428 0.022508038585209004
0 0.6028571428571429 0.05680600214362272 0.05714285714285714 0.027867095391211148
0 0.6064285714285714 0.08681672025723473 0.07 0.02572347266881029
0 0.605 0.11629153269024652 0.07857142857142857 0.028938906752411574
0 0.39785714285714285 0.09163987138263666 0.07571428571428572 0.02679528403001072
0 0.3921428571428571 0.1195069667738478 0.07571428571428572 0.031082529474812434
0 0.36714285714285716 0.26741693461950694 0.08571428571428572 0.031082529474812434
0 0.36 0.30010718113612006 0.08285714285714285 0.03429796355841372
0 0.6407142857142857 0.26312968917470525 0.08428571428571428 0.028938906752411574
0 0.6464285714285715 0.2909967845659164 0.08142857142857143 0.03322615219721329
0 0.5192857142857142 0.5943193997856377 0.047142857142857146 0.05680600214362272