0 0.08797653958944282 0.27126099706744866 0.0469208211143695 0.06158357771260997
0 0.11950146627565983 0.2781036168132942 0.054252199413489736 0.05767350928641251
0 0.22580645161290322 0.05180840664711633 0.03225806451612903 0.07820136852394917
0 0.34750733137829914 0.07526881720430108 0.03225806451612903 0.06451612903225806
0 0.3020527859237537 0.15640273704789834 0.03519061583577713 0.08993157380254155
0 0.22140762463343108 0.25219941348973607 0.03812316715542522 0.05083088954056696
0 0.2565982404692082 0.3489736070381232 0.05571847507331378 0.056695992179863146
0 0.28519061583577715 0.35386119257087 0.05718475073313783 0.05865102639296188
0 0.6781524926686217 0.26099706744868034 0.02785923753665689 0.056695992179863146
0 0.7991202346041055 0.3699902248289345 0.04398826979472141 0.0635386119257087
0 0.8086510263929618 0.41886608015640275 0.036656891495601175 0.06744868035190615