0 0.3121345029239766 0.3251953125 0.06578947368421052 0.04296875
0 0.37280701754385964 0.2373046875 0.05263157894736842 0.0390625
0 0.4824561403508772 0.1953125 0.05263157894736842 0.0390625
0 0.4371345029239766 0.27734375 0.05847953216374269 0.044921875
0 0.3435672514619883 0.47607421875 0.06432748538011696 0.0478515625
0 0.47076023391812866 0.4306640625 0.05847953216374269 0.044921875
0 0.6710526315789473 0.525390625 0.05847953216374269 0.0390625
0 0.64546783625731 0.3837890625 0.054093567251461985 0.03515625
0 0.7441520467836257 0.3505859375 0.05847953216374269 0.0390625
0 0.7858187134502924 0.484375 0.05116959064327485 0.033203125
0 0.7543859649122807 0.591796875 0.05263157894736842 0.046875
0 0.6403508771929824 0.6279296875 0.04093567251461988 0.041015625