0 0.14297658862876253 0.21444444444444444 0.11204013377926421 0.02666666666666667
0 0.3770903010033445 0.1272222222222222 0.11872909698996656 0.07
0 0.042642140468227424 0.44666666666666666 0.048494983277591976 0.07333333333333333
0 0.09698996655518395 0.32222222222222224 0.08361204013377926 0.06222222222222222
0 0.1454849498327759 0.32944444444444443 0.0802675585284281 0.058888888888888886
0 0.18896321070234115 0.33444444444444443 0.08361204013377926 0.08888888888888889
0 0.14130434782608695 0.5622222222222222 0.11538461538461539 0.10222222222222223
0 0.20819397993311037 0.6055555555555555 0.12207357859531773 0.03777777777777778
0 0.42558528428093645 0.5716666666666667 0.1488294314381271 0.06111111111111111
0 0.27591973244147155 0.68 0.05016722408026756 0.10888888888888888
0 0.042642140468227424 0.8311111111111111 0.08193979933110368 0.08222222222222222
0 0.20986622073578595 0.9177777777777778 0.08193979933110368 0.12
0 0.6045150501672241 0.8972222222222223 0.09531772575250837 0.09
0 0.6789297658862876 0.8994444444444445 0.03678929765886288 0.08555555555555555
0 0.9247491638795987 0.7894444444444444 0.043478260869565216 0.09222222222222222
0 0.7215719063545151 0.6166666666666667 0.051839464882943144 0.10444444444444445
0 0.7065217391304348 0.415 0.051839464882943144 0.10555555555555556
0 0.7591973244147158 0.3861111111111111 0.043478260869565216 0.07222222222222222
0 0.8561872909698997 0.26944444444444443 0.11036789297658862 0.06333333333333334
0 0.9648829431438127 0.7077777777777777 0.07023411371237458 0.04