0 0.13304093567251463 0.3916015625 0.10526315789473684 0.068359375
0 0.2361111111111111 0.25634765625 0.09502923976608187 0.0634765625
0 0.4152046783625731 0.185546875 0.08771929824561403 0.0625
0 0.3355263157894737 0.32080078125 0.09210526315789473 0.0654296875
0 0.18055555555555555 0.6376953125 0.12426900584795321 0.076171875
0 0.38669590643274854 0.56884765625 0.0891812865497076 0.0771484375
0 0.8318713450292398 0.43994140625 0.07602339181286549 0.0615234375
0 0.8925438596491229 0.65576171875 0.07163742690058479 0.0576171875
0 0.7112573099415205 0.71337890625 0.0891812865497076 0.0654296875
0 0.8421052631578947 0.82958984375 0.07894736842105263 0.0615234375
0 0.6535087719298246 0.88916015625 0.07602339181286549 0.0615234375
0 0.6666666666666666 0.4892578125 0.07017543859649122 0.0546875