0 0.19428571428571428 0.4678800856531049 0.07142857142857142 0.09207708779443255
0 0.21071428571428572 0.30728051391862954 0.07571428571428572 0.07494646680942184
0 0.24357142857142858 0.2644539614561028 0.055714285714285716 0.07066381156316917
0 0.25642857142857145 0.13597430406852248 0.07285714285714286 0.07922912205567452
0 0.2914285714285714 0.023554603854389723 0.04285714285714286 0.034261241970021415
0 0.7142857142857143 0.13704496788008566 0.05142857142857143 0.059957173447537475
0 0.7485714285714286 0.2740899357601713 0.05142857142857143 0.06852248394004283
0 0.7921428571428571 0.47002141327623126 0.06714285714285714 0.08779443254817987
0 0.86 0.6413276231263383 0.037142857142857144 0.12205567451820129
0 0.2621428571428571 0.7098501070663812 0.041428571428571426 0.07066381156316917
0 0.24142857142857144 0.9571734475374732 0.03428571428571429 0.08565310492505353