0 0.18214285714285713 0.7371794871794872 0.03 0.13247863247863248
0 0.21714285714285714 0.7339743589743589 0.02857142857142857 0.13034188034188035
0 0.4492857142857143 0.6260683760683761 0.03 0.13675213675213677
0 0.48857142857142855 0.6282051282051282 0.03428571428571429 0.14102564102564102
0 0.7442857142857143 0.5160256410256411 0.03142857142857143 0.1388888888888889
0 0.7871428571428571 0.5149572649572649 0.03142857142857143 0.14102564102564102
0 0.63 0.16452991452991453 0.10285714285714286 0.09401709401709402
0 0.6035714285714285 0.20726495726495728 0.09857142857142857 0.07692307692307693
0 0.3435714285714286 0.3482905982905983 0.10142857142857142 0.0811965811965812
0 0.32071428571428573 0.3856837606837607 0.09571428571428571 0.07051282051282051
0 0.075 0.5149572649572649 0.10714285714285714 0.06837606837606838
0 0.06285714285714286 0.5459401709401709 0.10571428571428572 0.06196581196581197