0 0.11214285714285714 0.24642857142857144 0.09 0.10142857142857142
0 0.11214285714285714 0.37142857142857144 0.03857142857142857 0.08285714285714285
0 0.14785714285714285 0.46214285714285713 0.09285714285714286 0.11
0 0.15071428571428572 0.6092857142857143 0.04428571428571428 0.13857142857142857
0 0.205 0.7342857142857143 0.10428571428571429 0.11142857142857143
0 0.2007142857142857 0.8814285714285715 0.05285714285714286 0.1457142857142857
0 0.8942857142857142 0.24928571428571428 0.09142857142857143 0.10428571428571429
0 0.8935714285714286 0.3678571428571429 0.032857142857142856 0.05857142857142857
0 0.8614285714285714 0.4592857142857143 0.08857142857142856 0.10428571428571429
0 0.8607142857142858 0.6064285714285714 0.04428571428571428 0.11571428571428571
0 0.8178571428571428 0.7264285714285714 0.11 0.11285714285714285
0 0.8207142857142857 0.8821428571428571 0.05285714285714286 0.14142857142857143