0 0.2903225806451613 0.3064516129032258 0.15249266862170088 0.07331378299120235
0 0.3651026392961877 0.2644183773216031 0.14076246334310852 0.07135874877810362
0 0.3416422287390029 0.198435972629521 0.11436950146627566 0.05865102639296188
0 0.38929618768328444 0.15542521994134897 0.1158357771260997 0.056695992179863146
0 0.6290322580645161 0.1603128054740958 0.14076246334310852 0.05278592375366569
0 0.6810850439882697 0.20087976539589442 0.13929618768328444 0.06158357771260997
0 0.6444281524926686 0.2697947214076246 0.15395894428152493 0.05278592375366569
0 0.7052785923753666 0.3181818181818182 0.14076246334310852 0.0635386119257087
0 0.31158357771260997 0.7165200391006843 0.1656891495601173 0.06451612903225806
0 0.2375366568914956 0.761485826001955 0.15249266862170088 0.06451612903225806
0 0.24853372434017595 0.7976539589442815 0.1187683284457478 0.03714565004887586
0 0.6326979472140762 0.7165200391006843 0.18328445747800587 0.05278592375366569
0 0.7140762463343109 0.7644183773216031 0.16422287390029325 0.06842619745845552
0 0.7426686217008798 0.8020527859237536 0.10997067448680352 0.04398826979472141