0 0.06911764705882353 0.28662109375 0.04411764705882353 0.0751953125
0 0.0875 0.4580078125 0.08970588235294118 0.103515625
0 0.08602941176470588 0.49462890625 0.051470588235294115 0.0712890625
0 0.10661764705882353 0.6611328125 0.09264705882352942 0.1015625
0 0.1 0.720703125 0.052941176470588235 0.068359375
0 0.125 0.87548828125 0.10294117647058823 0.0927734375
0 0.8147058823529412 0.87646484375 0.09117647058823529 0.0947265625
0 0.8492647058823529 0.716796875 0.054411764705882354 0.07421875
0 0.8286764705882353 0.6552734375 0.09852941176470588 0.095703125
0 0.8375 0.45166015625 0.0838235294117647 0.0927734375
0 0.861764705882353 0.48681640625 0.052941176470588235 0.0712890625
0 0.8602941176470589 0.2861328125 0.05588235294117647 0.07421875