0 0.18301610541727673 0.30908203125 0.0527086383601757 0.0634765625
0 0.043923865300146414 0.3671875 0.07906295754026355 0.03125
0 0.15080527086383602 0.2421875 0.1493411420204978 0.03125
0 0.3806734992679356 0.15380859375 0.06442166910688141 0.0576171875
0 0.036603221083455345 0.74609375 0.07027818448023426 0.033203125
0 0.6588579795021962 0.4580078125 0.03806734992679356 0.072265625
0 0.7284040995607614 0.4345703125 0.036603221083455345 0.064453125
0 0.7518301610541728 0.3583984375 0.060029282576866766 0.041015625
0 0.5534407027818448 0.5869140625 0.08199121522693997 0.05859375
0 0.8726207906295754 0.63818359375 0.06442166910688141 0.0419921875
0 0.739385065885798 0.671875 0.07027818448023426 0.025390625
0 0.931185944363104 0.85791015625 0.040995607613469986 0.0869140625
0 0.9736456808199122 0.7802734375 0.04978038067349927 0.0390625
0 0.43923865300146414 0.91259765625 0.1054172767203514 0.0302734375