0 0.2392857142857143 0.09115044247787611 0.09 0.10088495575221239
0 0.24357142857142858 0.25486725663716814 0.09857142857142857 0.09557522123893805
0 0.22642857142857142 0.3123893805309734 0.024285714285714285 0.06548672566371681
0 0.24571428571428572 0.37610619469026546 0.07428571428571429 0.10088495575221239
0 0.2292857142857143 0.5 0.032857142857142856 0.07964601769911504
0 0.26857142857142857 0.5761061946902655 0.08285714285714285 0.11150442477876106
0 0.35214285714285715 0.5185840707964602 0.09571428571428571 0.09557522123893805
0 0.31214285714285717 0.763716814159292 0.03 0.10442477876106195
0 0.33071428571428574 0.8132743362831858 0.09857142857142857 0.11504424778761062
0 0.5907142857142857 0.9176991150442478 0.08714285714285715 0.09734513274336283
0 0.7321428571428571 0.9362831858407079 0.032857142857142856 0.08141592920353982
0 0.8892857142857142 0.7752212389380531 0.11571428571428571 0.035398230088495575
0 0.825 0.5876106194690266 0.10714285714285714 0.035398230088495575
0 0.7185714285714285 0.3858407079646018 0.1 0.03893805309734513