0 0.345 0.16444444444444445 0.17 0.07777777777777778
0 0.3358333333333333 0.18333333333333332 0.13166666666666665 0.10444444444444445
0 0.5666666666666667 0.2411111111111111 0.1 0.11333333333333333
0 0.6341666666666667 0.11 0.20833333333333334 0.051111111111111114
0 0.6508333333333334 0.40944444444444444 0.20166666666666666 0.04555555555555556
0 0.3383333333333333 0.46944444444444444 0.17 0.07
0 0.3358333333333333 0.4777777777777778 0.13833333333333334 0.10222222222222223
0 0.5775 0.5455555555555556 0.09833333333333333 0.12444444444444444
0 0.3275 0.8333333333333334 0.175 0.07333333333333333
0 0.34 0.825 0.13666666666666666 0.09
0 0.5741666666666667 0.9 0.07833333333333334 0.11777777777777777
0 0.65 0.7577777777777778 0.21333333333333335 0.04888888888888889