0 0.2592857142857143 0.17944444444444443 0.09857142857142857 0.058888888888888886
0 0.4585714285714286 0.14888888888888888 0.09142857142857143 0.057777777777777775
0 0.5635714285714286 0.16111111111111112 0.09571428571428571 0.06
0 0.7242857142857143 0.21944444444444444 0.10571428571428572 0.05444444444444444
0 0.7378571428571429 0.2638888888888889 0.09857142857142857 0.05444444444444444
0 0.7657142857142857 0.3061111111111111 0.10571428571428572 0.04777777777777778
0 0.7714285714285715 0.3638888888888889 0.08857142857142856 0.056666666666666664
0 0.805 0.39611111111111114 0.07571428571428572 0.04777777777777778
0 0.8157142857142857 0.4444444444444444 0.09428571428571429 0.051111111111111114
0 0.11642857142857142 0.31666666666666665 0.09 0.07333333333333333
0 0.1357142857142857 0.34944444444444445 0.08571428571428572 0.058888888888888886
0 0.165 0.4083333333333333 0.08428571428571428 0.05
0 0.18214285714285713 0.43666666666666665 0.07857142857142857 0.05333333333333334
0 0.235 0.5 0.09571428571428571 0.07777777777777778
0 0.31285714285714283 0.2727777777777778 0.1 0.05
0 0.3678571428571429 0.35944444444444446 0.07285714285714286 0.05
0 0.6042857142857143 0.555 0.06 0.06333333333333334
0 0.6928571428571428 0.5333333333333333 0.06571428571428571 0.07777777777777778
0 0.7185714285714285 0.585 0.05714285714285714 0.08555555555555555
0 0.7428571428571429 0.64 0.05142857142857143 0.09555555555555556