0 0.23 0.10385438972162742 0.05714285714285714 0.06638115631691649
0 0.2978571428571429 0.09850107066381156 0.05 0.0728051391862955
0 0.4942857142857143 0.06531049250535331 0.06571428571428571 0.04925053533190578
0 0.5685714285714286 0.055674518201284794 0.05142857142857143 0.059957173447537475
0 0.7692857142857142 0.031049250535331904 0.05857142857142857 0.057815845824411134
0 0.8471428571428572 0.032119914346895075 0.06285714285714286 0.059957173447537475
0 0.6571428571428571 0.4464668094218415 0.05714285714285714 0.06638115631691649
0 0.7578571428571429 0.6295503211991434 0.05857142857142857 0.08993576017130621
0 0.5328571428571428 0.4785867237687366 0.045714285714285714 0.07494646680942184
0 0.3964285714285714 0.5107066381156317 0.04428571428571428 0.07066381156316917
0 0.5814285714285714 0.6777301927194861 0.06 0.07922912205567452