0 0.22285714285714286 0.49464668094218417 0.041428571428571426 0.1349036402569593
0 0.28964285714285715 0.7869379014989293 0.017857142857142856 0.1670235546038544
0 0.24892857142857142 0.8870449678800857 0.04642857142857143 0.13597430406852248
0 0.48392857142857143 0.6755888650963597 0.1407142857142857 0.04068522483940043
0 0.7753571428571429 0.9882226980728052 0.12357142857142857 0.019271948608137045
0 0.7839285714285714 0.7291220556745182 0.10642857142857143 0.02569593147751606
0 0.7167857142857142 0.42505353319057815 0.10785714285714286 0.03640256959314775
0 0.41785714285714287 0.2708779443254818 0.10571428571428572 0.044967880085653104
0 0.31285714285714283 0.3019271948608137 0.03428571428571429 0.1006423982869379
0 0.34285714285714286 0.1841541755888651 0.017142857142857144 0.11134903640256959
0 0.4828571428571429 0.10706638115631692 0.09571428571428571 0.03640256959314775