0 0.26505016722408026 0.7194444444444444 0.07190635451505016 0.058888888888888886
0 0.3988294314381271 0.3433333333333333 0.07859531772575251 0.04666666666666667
0 0.21906354515050167 0.5644444444444444 0.07357859531772576 0.044444444444444446
0 0.2516722408026756 0.6211111111111111 0.07190635451505016 0.04888888888888889
0 0.36538461538461536 0.6188888888888889 0.061872909698996656 0.04666666666666667
0 0.5259197324414716 0.48777777777777775 0.07190635451505016 0.042222222222222223
0 0.580267558528428 0.3877777777777778 0.08695652173913043 0.04666666666666667
0 0.7466555183946488 0.44222222222222224 0.09197324414715718 0.042222222222222223
0 0.6806020066889632 0.5405555555555556 0.0903010033444816 0.04111111111111111
0 0.8344481605351171 0.5927777777777777 0.0802675585284281 0.04777777777777778
0 0.8971571906354515 0.49722222222222223 0.08528428093645485 0.043333333333333335
0 0.7157190635451505 0.09111111111111111 0.10367892976588629 0.06222222222222222