0 0.8464285714285714 0.5604265402843602 0.08714285714285715 0.13981042654028436
0 0.77 0.6244075829383886 0.09428571428571429 0.14454976303317535
0 0.6621428571428571 0.7677725118483413 0.08428571428571428 0.15165876777251186
0 0.6007142857142858 0.8258293838862559 0.07857142857142857 0.13507109004739337
0 0.03357142857142857 0.6161137440758294 0.06428571428571428 0.13270142180094788
0 0.07285714285714286 0.5082938388625592 0.08571428571428572 0.13507109004739337
0 0.2 0.42417061611374407 0.09428571428571429 0.12796208530805686
0 0.15 0.48459715639810425 0.08 0.11137440758293839
0 0.22 0.518957345971564 0.08571428571428572 0.0947867298578199
0 0.25 0.3068720379146919 0.08571428571428572 0.13981042654028436
0 0.345 0.6469194312796208 0.07285714285714286 0.08530805687203792
0 0.3271428571428571 0.28791469194312796 0.08 0.1018957345971564
0 0.37857142857142856 0.19194312796208532 0.09142857142857143 0.12322274881516587
0 0.44 0.09834123222748815 0.09428571428571429 0.13981042654028436
0 0.39357142857142857 0.3175355450236967 0.07285714285714286 0.0995260663507109
0 0.505 0.08530805687203792 0.08714285714285715 0.0995260663507109
0 0.5728571428571428 0.12440758293838862 0.09142857142857143 0.0924170616113744
0 0.7007142857142857 0.2796208530805687 0.08714285714285715 0.10900473933649289
0 0.5221428571428571 0.46445497630331756 0.08142857142857143 0.0995260663507109
0 0.465 0.8045023696682464 0.05 0.1066350710900474
0 0.35285714285714287 0.8957345971563981 0.045714285714285714 0.07582938388625593