0 0.5807142857142857 0.1468682505399568 0.12714285714285714 0.13390928725701945
0 0.41285714285714287 0.1101511879049676 0.06285714285714286 0.06911447084233262
0 0.23357142857142857 0.33153347732181426 0.09 0.10151187904967603
0 0.3657142857142857 0.4373650107991361 0.10571428571428572 0.13174946004319654
0 0.24571428571428572 0.6177105831533477 0.05142857142857143 0.11231101511879049
0 0.3314285714285714 0.5853131749460043 0.054285714285714284 0.10367170626349892
0 0.19857142857142857 0.8250539956803455 0.06857142857142857 0.1079913606911447
0 0.27 0.8250539956803455 0.06857142857142857 0.1079913606911447
0 0.6935714285714286 0.2267818574514039 0.10142857142857142 0.07775377969762419
0 0.6878571428571428 0.2991360691144708 0.10714285714285714 0.08855291576673865
0 0.5492857142857143 0.7062634989200864 0.055714285714285716 0.0734341252699784
0 0.6385714285714286 0.6803455723542117 0.05714285714285714 0.11231101511879049
0 0.6664285714285715 0.7602591792656588 0.05285714285714286 0.11663066954643629
0 0.7478571428571429 0.7289416846652268 0.055714285714285716 0.10583153347732181
0 0.8757142857142857 0.6123110151187905 0.10857142857142857 0.10151187904967603