0 0.24785714285714286 0.33375634517766495 0.07857142857142857 0.08883248730964467
0 0.3028571428571429 0.03680203045685279 0.07428571428571429 0.06852791878172589
0 0.345 0.2563451776649746 0.07285714285714286 0.08629441624365482
0 0.2864285714285714 0.7246192893401016 0.08714285714285715 0.08883248730964467
0 0.3807142857142857 0.6548223350253807 0.06428571428571428 0.07106598984771574
0 0.6335714285714286 0.5939086294416244 0.08142857142857143 0.07614213197969544
0 0.6028571428571429 0.9073604060913706 0.08285714285714285 0.06345177664974619
0 0.6992857142857143 0.850253807106599 0.06714285714285714 0.07106598984771574
0 0.7257142857142858 0.5291878172588832 0.06285714285714286 0.06345177664974619
0 0.6771428571428572 0.1713197969543147 0.06285714285714286 0.07868020304568528
0 0.5857142857142857 0.24619289340101522 0.08 0.08121827411167512