0 0.20454545454545456 0.13391984359726294 0.09237536656891496 0.14858260019550343
0 0.39222873900293254 0.1490713587487781 0.09530791788856305 0.15347018572825025
0 0.5777126099706745 0.15004887585532747 0.093841642228739 0.1573802541544477
0 0.2280058651026393 0.3391984359726295 0.09824046920821114 0.13880742913000976
0 0.4149560117302053 0.35043988269794724 0.0967741935483871 0.13587487781036167
0 0.5953079178885631 0.36070381231671556 0.09090909090909091 0.14271749755620725
0 0.25806451612903225 0.5312805474095796 0.09970674486803519 0.13196480938416422
0 0.43328445747800587 0.5371456500488758 0.08357771260997067 0.13978494623655913
0 0.6114369501466276 0.5478983382209188 0.08797653958944282 0.13391984359726294
0 0.2829912023460411 0.7072336265884653 0.08797653958944282 0.13391984359726294
0 0.45454545454545453 0.7165200391006843 0.09970674486803519 0.13098729227761485
0 0.6282991202346041 0.7297165200391007 0.08651026392961877 0.12805474095796676
0 0.3064516129032258 0.873900293255132 0.08797653958944282 0.12512218963831867
0 0.48167155425219943 0.8870967741935484 0.08064516129032258 0.1241446725317693
0 0.6451612903225806 0.907624633431085 0.093841642228739 0.12218963831867058