0 0.3086510263929619 0.33773216031280545 0.06598240469208211 0.03225806451612903
0 0.6085043988269795 0.30303030303030304 0.04985337243401759 0.039100684261974585
0 0.5388563049853372 0.2932551319648094 0.051319648093841645 0.03519061583577713
0 0.23313782991202345 0.32404692082111436 0.0469208211143695 0.030303030303030304
0 0.22580645161290322 0.5395894428152492 0.0469208211143695 0.03519061583577713
0 0.2939882697947214 0.5483870967741935 0.06598240469208211 0.02932551319648094
0 0.5637829912023461 0.520039100684262 0.04838709677419355 0.03714565004887586
0 0.6004398826979472 0.5224828934506354 0.04838709677419355 0.03225806451612903
0 0.2118768328445748 0.760019550342131 0.054252199413489736 0.03421309872922776
0 0.2844574780058651 0.7653958944281525 0.0469208211143695 0.02932551319648094
0 0.5234604105571847 0.7482893450635386 0.05278592375366569 0.04007820136852395
0 0.5887096774193549 0.7536656891495601 0.04838709677419355 0.03519061583577713