0 0.25642857142857145 0.5578158458244111 0.06714285714285714 0.1777301927194861
0 0.26 0.7665952890792291 0.07142857142857142 0.17130620985010706
0 0.49142857142857144 0.5674518201284796 0.07428571428571429 0.17130620985010706
0 0.5042857142857143 0.7762312633832976 0.06857142857142857 0.18201284796573874
0 0.7207142857142858 0.5792291220556746 0.07571428571428572 0.1777301927194861
0 0.7471428571428571 0.791220556745182 0.07428571428571429 0.18201284796573874
0 0.84 0.39186295503211993 0.05142857142857143 0.20985010706638116
0 0.12285714285714286 0.3340471092077088 0.045714285714285714 0.23126338329764454
0 0.48 0.3640256959314775 0.04 0.22269807280513917
0 0.46285714285714286 0.06316916488222699 0.09142857142857143 0.12205567451820129
0 0.16642857142857143 0.3533190578158458 0.055714285714285716 0.16274089935760172
0 0.9478571428571428 0.5364025695931478 0.08142857142857143 0.12205567451820129