0 0.42214285714285715 0.4919700214132762 0.018571428571428572 0.069593147751606
0 0.36428571428571427 0.4989293361884368 0.024285714285714285 0.047109207708779445
0 0.4832142857142857 0.4539614561027837 0.05071428571428571 0.032119914346895075
0 0.6375 0.5337259100642399 0.015 0.07173447537473233
0 0.6810714285714285 0.5 0.05357142857142857 0.02569593147751606
0 0.6767857142857143 0.7505353319057816 0.015 0.0728051391862955
0 0.7235714285714285 0.7109207708779444 0.05 0.029978586723768737
0 0.6875 0.9132762312633833 0.056428571428571425 0.032119914346895075
0 0.64 0.952355460385439 0.014285714285714285 0.07387580299785867
0 0.4828571428571429 0.8865096359743041 0.05285714285714286 0.032119914346895075
0 0.4232142857142857 0.9261241970021413 0.020714285714285713 0.07494646680942184
0 0.3742857142857143 0.6921841541755889 0.01 0.08886509635974305
0 0.4357142857142857 0.6654175588865097 0.04857142857142857 0.035331905781584586
0 0.3192857142857143 0.6991434689507494 0.02857142857142857 0.05139186295503212
0 0.3625 0.9122055674518201 0.027857142857142858 0.03854389721627409
0 0.5992857142857143 0.7441113490364025 0.025714285714285714 0.032119914346895075