0 0.19857142857142857 0.2773019271948608 0.045714285714285714 0.06638115631691649
0 0.18571428571428572 0.43897216274089934 0.04 0.059957173447537475
0 0.1742857142857143 0.5963597430406852 0.045714285714285714 0.057815845824411134
0 0.25785714285714284 0.5310492505353319 0.04428571428571428 0.06423982869379015
0 0.26571428571428574 0.37366167023554603 0.03428571428571429 0.06209850107066381
0 0.24857142857142858 0.6820128479657388 0.04 0.06638115631691649
0 0.48714285714285716 0.5214132762312634 0.04285714285714286 0.06638115631691649
0 0.48928571428571427 0.3576017130620985 0.041428571428571426 0.059957173447537475
0 0.4928571428571429 0.1873661670235546 0.04285714285714286 0.06209850107066381
0 0.5514285714285714 0.29229122055674517 0.04 0.07066381156316917
0 0.5514285714285714 0.4539614561027837 0.037142857142857144 0.059957173447537475
0 0.5792857142857143 0.39186295503211993 0.055714285714285716 0.05139186295503212
0 0.5842857142857143 0.22698072805139186 0.04857142857142857 0.055674518201284794
0 0.6392857142857142 0.550321199143469 0.05285714285714286 0.059957173447537475
0 0.5471428571428572 0.6145610278372591 0.04857142857142857 0.059957173447537475