0 0.5835714285714285 0.2731182795698925 0.03857142857142857 0.03870967741935484
0 0.395 0.27419354838709675 0.03571428571428571 0.04946236559139785
0 0.48642857142857143 0.35591397849462364 0.032857142857142856 0.04516129032258064
0 0.5464285714285714 0.41935483870967744 0.03857142857142857 0.05591397849462366
0 0.4657142857142857 0.5043010752688172 0.04 0.04946236559139785
0 0.39357142857142857 0.44516129032258067 0.03571428571428571 0.03870967741935484
0 0.3742857142857143 0.5870967741935483 0.037142857142857144 0.047311827956989246
0 0.31357142857142856 0.36451612903225805 0.03857142857142857 0.04946236559139785
0 0.22071428571428572 0.0956989247311828 0.04428571428571428 0.053763440860215055
0 0.13785714285714284 0.20430107526881722 0.041428571428571426 0.060215053763440864
0 0.047857142857142855 0.3021505376344086 0.041428571428571426 0.05806451612903226
0 0.22428571428571428 0.45161290322580644 0.037142857142857144 0.047311827956989246