0 0.21642857142857144 0.3398357289527721 0.06714285714285714 0.07597535934291581
0 0.31857142857142856 0.5 0.07428571428571429 0.10061601642710473
0 0.11714285714285715 0.6765913757700205 0.08285714285714285 0.11293634496919917
0 0.15285714285714286 0.9435318275154004 0.08571428571428572 0.11293634496919917
0 0.24071428571428571 0.851129363449692 0.07571428571428572 0.10061601642710473
0 0.71 0.5236139630390144 0.09714285714285714 0.13552361396303902
0 0.865 0.5995893223819302 0.09571428571428571 0.13141683778234087
0 0.8357142857142857 0.7474332648870636 0.08285714285714285 0.11909650924024641
0 0.8807142857142857 0.3336755646817248 0.08714285714285715 0.10882956878850103
0 0.8828571428571429 0.22073921971252566 0.08571428571428572 0.11293634496919917
0 0.7678571428571429 0.11498973305954825 0.09 0.11498973305954825
0 0.7664285714285715 0.028747433264887063 0.09 0.053388090349075976