0 0.38642857142857145 0.3595238095238095 0.045714285714285714 0.11523809523809524
0 0.41964285714285715 0.3461904761904762 0.04071428571428572 0.0980952380952381
0 0.48 0.14142857142857143 0.03571428571428571 0.09047619047619047
0 0.45964285714285713 0.16095238095238096 0.03214285714285714 0.08952380952380952
0 0.38607142857142857 0.10571428571428572 0.03214285714285714 0.07809523809523809
0 0.3675 0.11714285714285715 0.030714285714285715 0.0761904761904762
0 0.095 0.32047619047619047 0.037142857142857144 0.06952380952380953
0 0.07678571428571429 0.3333333333333333 0.03785714285714286 0.07047619047619047
0 0.015714285714285715 0.6638095238095238 0.03 0.047619047619047616
0 0.5857142857142857 0.710952380952381 0.06285714285714286 0.10761904761904761
0 0.6139285714285714 0.4742857142857143 0.05357142857142857 0.09904761904761905