0 0.11571428571428571 0.25523809523809526 0.07714285714285714 0.024761904761904763
0 0.11714285714285715 0.2857142857142857 0.07571428571428572 0.03238095238095238
0 0.1692857142857143 0.33 0.07 0.02
0 0.1675 0.35904761904761906 0.060714285714285714 0.01904761904761905
0 0.14642857142857144 0.47904761904761906 0.08142857142857143 0.024761904761904763
0 0.1467857142857143 0.5109523809523809 0.07357142857142857 0.025714285714285714
0 0.3939285714285714 0.18095238095238095 0.060714285714285714 0.05714285714285714
0 0.4067857142857143 0.2119047619047619 0.055 0.058095238095238096
0 0.4042857142857143 0.2704761904761905 0.05 0.04380952380952381
0 0.4114285714285714 0.2966666666666667 0.05 0.04666666666666667
0 0.4135714285714286 0.3280952380952381 0.07142857142857142 0.06
0 0.42928571428571427 0.3638095238095238 0.07571428571428572 0.06666666666666667
0 0.4421428571428571 0.6633333333333333 0.05285714285714286 0.04666666666666667
0 0.45035714285714284 0.6876190476190476 0.052142857142857144 0.03619047619047619
0 0.46714285714285714 0.9195238095238095 0.04285714285714286 0.039047619047619046
0 0.2125 0.9238095238095239 0.06642857142857143 0.02857142857142857
0 0.1825 0.7538095238095238 0.06785714285714285 0.01619047619047619
0 0.175 0.4066666666666667 0.03 0.04
0 0.3196428571428571 0.37714285714285717 0.02642857142857143 0.03619047619047619