0 0.6092857142857143 0.3967741935483871 0.04428571428571428 0.06236559139784946
0 0.5021428571428571 0.47096774193548385 0.04428571428571428 0.06451612903225806
0 0.3892857142857143 0.535483870967742 0.047142857142857146 0.060215053763440864
0 0.7142857142857143 0.48494623655913977 0.045714285714285714 0.05806451612903226
0 0.6078571428571429 0.5451612903225806 0.03571428571428571 0.05806451612903226
0 0.5071428571428571 0.6021505376344086 0.03428571428571429 0.05591397849462366
0 0.7385714285714285 0.6623655913978495 0.04285714285714286 0.060215053763440864
0 0.6264285714285714 0.603225806451613 0.04428571428571428 0.05806451612903226
0 0.5114285714285715 0.6666666666666666 0.04 0.05161290322580645
0 0.405 0.7247311827956989 0.047142857142857146 0.060215053763440864
0 0.3628571428571429 0.8301075268817204 0.03142857142857143 0.05161290322580645
0 0.37857142857142856 0.9774193548387097 0.02857142857142857 0.04516129032258064
0 0.6235714285714286 0.7268817204301076 0.04428571428571428 0.05591397849462366
0 0.5242857142857142 0.7838709677419354 0.037142857142857144 0.06666666666666667