0 0.3925 0.21038543897216275 0.030714285714285715 0.1423982869379015
0 0.4525 0.2296573875802998 0.02214285714285714 0.10813704496788008
0 0.5003571428571428 0.3875802997858672 0.039285714285714285 0.1777301927194861
0 0.24357142857142858 0.576017130620985 0.08571428571428572 0.08565310492505353
0 0.3414285714285714 0.5053533190578159 0.05 0.06852248394004283
0 0.29214285714285715 0.8458244111349036 0.10714285714285714 0.10706638115631692
0 0.3846428571428571 0.7826552462526767 0.03214285714285714 0.09421841541755889
0 0.3125 0.5117773019271948 0.02214285714285714 0.06209850107066381
0 0.3921428571428571 0.4512847965738758 0.018571428571428572 0.048179871520342615
0 0.6967857142857142 0.47055674518201285 0.025 0.09100642398286937
0 0.8189285714285715 0.6188436830835118 0.03642857142857143 0.09850107066381156
0 0.8871428571428571 0.7532119914346895 0.055714285714285716 0.11670235546038545