0 0.035 0.2866666666666667 0.06714285714285714 0.06285714285714286
0 0.11428571428571428 0.38952380952380955 0.13428571428571429 0.08190476190476191
0 0.045714285714285714 0.5228571428571429 0.08857142857142856 0.08571428571428572
0 0.19428571428571428 0.49238095238095236 0.05714285714285714 0.05142857142857143
0 0.08571428571428572 0.6180952380952381 0.08857142857142856 0.07047619047619047
0 0.18428571428571427 0.7047619047619048 0.07428571428571429 0.1523809523809524
0 0.11357142857142857 0.6466666666666666 0.06142857142857143 0.05142857142857143
0 0.8842857142857142 0.6104761904761905 0.04285714285714286 0.14666666666666667
0 0.795 0.5561904761904762 0.04428571428571428 0.06095238095238095
0 0.5121428571428571 0.6333333333333333 0.05 0.10095238095238095
0 0.4635714285714286 0.5676190476190476 0.032857142857142856 0.049523809523809526
0 0.48928571428571427 0.7609523809523809 0.06714285714285714 0.03619047619047619