0 0.13953488372093023 0.155 0.05647840531561462 0.04111111111111111
0 0.1818936877076412 0.16055555555555556 0.054817275747508304 0.043333333333333335
0 0.2956810631229236 0.08555555555555555 0.05647840531561462 0.035555555555555556
0 0.3380398671096346 0.09944444444444445 0.06478405315614617 0.034444444444444444
0 0.32059800664451826 0.2011111111111111 0.06312292358803986 0.035555555555555556
0 0.36046511627906974 0.21222222222222223 0.0664451827242525 0.035555555555555556
0 0.4925249169435216 0.14944444444444444 0.05813953488372093 0.034444444444444444
0 0.5282392026578073 0.155 0.053156146179401995 0.03222222222222222
0 0.4867109634551495 0.2461111111111111 0.06312292358803986 0.034444444444444444
0 0.5290697674418605 0.2577777777777778 0.0681063122923588 0.035555555555555556
0 0.643687707641196 0.28944444444444445 0.06478405315614617 0.034444444444444444
0 0.6760797342192691 0.3061111111111111 0.05647840531561462 0.03666666666666667