0 0.4035714285714286 0.42082738944365194 0.11 0.10556348074179743
0 0.5542857142857143 0.4529243937232525 0.07714285714285714 0.12125534950071326
0 0.6564285714285715 0.4600570613409415 0.11 0.10128388017118402
0 0.9235714285714286 0.2574893009985735 0.05285714285714286 0.09272467902995721
0 0.08214285714285714 0.2631954350927247 0.06428571428571428 0.0898716119828816
0 0.6542857142857142 0.24679029957203993 0.04857142857142857 0.07988587731811697
0 0.11 0.7910128388017118 0.04857142857142857 0.052781740370898715
0 0.7835714285714286 0.760342368045649 0.03571428571428571 0.0456490727532097
0 0.13714285714285715 0.2710413694721826 0.05142857142857143 0.042796005706134094
0 0.8528571428571429 0.2703281027104137 0.04857142857142857 0.047075606276747506
0 0.5735714285714286 0.2710413694721826 0.041428571428571426 0.037089871611982884