0 0.23107142857142857 0.3624197002141328 0.029285714285714286 0.11670235546038545
0 0.32321428571428573 0.24571734475374732 0.02214285714285714 0.0974304068522484
0 0.3107142857142857 0.5792291220556746 0.027142857142857142 0.13704496788008566
0 0.22642857142857142 0.7168094218415417 0.022857142857142857 0.10171306209850108
0 0.215 0.6381156316916489 0.018571428571428572 0.06209850107066381
0 0.2817857142857143 0.8972162740899358 0.025 0.09635974304068523
0 0.2832142857142857 0.9721627408993576 0.020714285714285713 0.055674518201284794
0 0.6921428571428572 0.8982869379014989 0.032857142857142856 0.09850107066381156
0 0.7407142857142858 0.6220556745182013 0.04857142857142857 0.1006423982869379
0 0.7292857142857143 0.4405781584582441 0.03857142857142857 0.09100642398286937
0 0.6132142857142857 0.30460385438972165 0.027857142857142858 0.0867237687366167
0 0.6435714285714286 0.7360813704496788 0.024285714285714285 0.07601713062098502
0 0.6882142857142857 0.6723768736616702 0.029285714285714286 0.06209850107066381
0 0.6432142857142857 0.9470021413276232 0.030714285714285715 0.08029978586723768
0 0.5614285714285714 0.5647751605995718 0.018571428571428572 0.058886509635974305