0 0.27785714285714286 0.3351177730192719 0.13 0.0835117773019272
0 0.5757142857142857 0.12419700214132762 0.10857142857142857 0.0728051391862955
0 0.5435714285714286 0.15524625267665954 0.10714285714285714 0.06209850107066381
0 0.37714285714285717 0.5085653104925053 0.03142857142857143 0.139186295503212
0 0.7307142857142858 0.2880085653104925 0.032857142857142856 0.15631691648822268
0 0.8114285714285714 0.30406852248394006 0.08285714285714285 0.11563169164882227
0 0.7828571428571428 0.3222698072805139 0.08285714285714285 0.08779443254817987
0 0.47785714285714287 0.4721627408993576 0.05 0.07494646680942184
0 0.6635714285714286 0.47751605995717344 0.11571428571428571 0.06852248394004283
0 0.6278571428571429 0.5085653104925053 0.11285714285714285 0.07066381156316917
0 0.9128571428571428 0.6434689507494646 0.09428571428571429 0.11349036402569593
0 0.8821428571428571 0.6616702355460385 0.08428571428571428 0.09421841541755889
0 0.8371428571428572 0.6659528907922913 0.04 0.19271948608137046
0 0.21142857142857144 0.7473233404710921 0.13428571428571429 0.06852248394004283
0 0.3192857142857143 0.9089935760171306 0.03 0.15203426124197003
0 0.45071428571428573 0.8565310492505354 0.10428571428571429 0.09421841541755889
0 0.5921428571428572 0.9721627408993576 0.15571428571428572 0.05139186295503212