0 0.21925925925925926 0.19055555555555556 0.06222222222222222 0.052222222222222225
0 0.2911111111111111 0.22277777777777777 0.07555555555555556 0.05444444444444444
0 0.42962962962962964 0.29333333333333333 0.06518518518518518 0.05333333333333334
0 0.4948148148148148 0.32666666666666666 0.06222222222222222 0.05333333333333334
0 0.6333333333333333 0.3894444444444444 0.06074074074074074 0.05
0 0.7 0.41444444444444445 0.06666666666666667 0.051111111111111114
0 0.8429629629629629 0.5994444444444444 0.08888888888888889 0.06555555555555556
0 0.7644444444444445 0.6261111111111111 0.07407407407407407 0.056666666666666664
0 0.6651851851851852 0.6633333333333333 0.07407407407407407 0.06222222222222222
0 0.5896296296296296 0.6861111111111111 0.08 0.06333333333333334
0 0.3688888888888889 0.7666666666666667 0.06518518518518518 0.05555555555555555
0 0.30074074074074075 0.7888888888888889 0.06814814814814815 0.06