0 0.2910714285714286 0.07380952380952381 0.04928571428571429 0.05619047619047619
0 0.225 0.19333333333333333 0.054285714285714284 0.05333333333333334
0 0.09964285714285714 0.35904761904761906 0.03357142857142857 0.047619047619047616
0 0.13535714285714287 0.5652380952380952 0.03214285714285714 0.04476190476190476
0 0.27214285714285713 0.4204761904761905 0.054285714285714284 0.05619047619047619
0 0.5075 0.5476190476190477 0.052142857142857144 0.0419047619047619
0 0.5410714285714285 0.40714285714285714 0.047857142857142855 0.04285714285714286
0 0.48714285714285716 0.23476190476190475 0.04428571428571428 0.04476190476190476
0 0.7392857142857143 0.4095238095238095 0.027142857142857142 0.04380952380952381
0 0.7246428571428571 0.5271428571428571 0.02642857142857143 0.054285714285714284
0 0.7864285714285715 0.690952380952381 0.025714285714285714 0.04857142857142857