0 0.475 0.16738197424892703 0.06428571428571428 0.06866952789699571
0 0.45785714285714285 0.2521459227467811 0.06142857142857143 0.06223175965665236
0 0.345 0.34227467811158796 0.06714285714285714 0.06223175965665236
0 0.33214285714285713 0.4248927038626609 0.06142857142857143 0.06866952789699571
0 0.22285714285714286 0.5075107296137339 0.06285714285714286 0.0536480686695279
0 0.21428571428571427 0.5718884120171673 0.06285714285714286 0.06223175965665236
0 0.35928571428571426 0.5600858369098712 0.047142857142857146 0.0815450643776824
0 0.47 0.4592274678111588 0.06 0.0815450643776824
0 0.5278571428571428 0.5064377682403434 0.05857142857142857 0.07725321888412018
0 0.6378571428571429 0.6062231759656652 0.06428571428571428 0.07510729613733906
0 0.6935714285714286 0.6351931330472103 0.06142857142857143 0.07296137339055794
0 0.72 0.6899141630901288 0.045714285714285714 0.06652360515021459
0 0.8021428571428572 0.7124463519313304 0.07285714285714286 0.07296137339055794
0 0.845 0.7703862660944206 0.06142857142857143 0.07296137339055794