0 0.1525 0.125 0.08166666666666667 0.05444444444444444
0 0.3125 0.10166666666666667 0.07833333333333334 0.056666666666666664
0 0.4583333333333333 0.06333333333333334 0.08666666666666667 0.05555555555555555
0 0.6091666666666666 0.21555555555555556 0.07833333333333334 0.04666666666666667
0 0.7508333333333334 0.195 0.06833333333333333 0.04777777777777778
0 0.9016666666666666 0.17166666666666666 0.08 0.052222222222222225
0 0.14916666666666667 0.34833333333333333 0.055 0.03222222222222222
0 0.2733333333333333 0.3377777777777778 0.05333333333333334 0.03333333333333333
0 0.5475 0.29833333333333334 0.06833333333333333 0.04111111111111111
0 0.5358333333333334 0.4222222222222222 0.04833333333333333 0.035555555555555556
0 0.7958333333333333 0.4122222222222222 0.04833333333333333 0.03333333333333333
0 0.9308333333333333 0.4027777777777778 0.051666666666666666 0.034444444444444444