0 0.4002932551319648 0.66911045943304 0.05278592375366569 0.06549364613880743
0 0.2595307917888563 0.7316715542521994 0.04398826979472141 0.07331378299120235
0 0.20161290322580644 0.7854349951124144 0.04252199413489736 0.06158357771260997
0 0.34237536656891493 0.7605083088954057 0.08651026392961877 0.06842619745845552
0 0.4039589442815249 0.7365591397849462 0.07771260997067449 0.059628543499511244
0 0.4743401759530792 0.6906158357771262 0.0747800586510264 0.0772238514173998
0 0.8321114369501467 0.176930596285435 0.054252199413489736 0.03714565004887586
0 0.6275659824046921 0.10312805474095797 0.05865102639296188 0.030303030303030304
0 0.4120234604105572 0.03176930596285435 0.05865102639296188 0.03421309872922776
0 0.3614369501466276 0.5048875855327468 0.036656891495601175 0.03421309872922776
0 0.4662756598240469 0.4340175953079179 0.03519061583577713 0.03519061583577713
0 0.5593841642228738 0.4731182795698925 0.04252199413489736 0.033235581622678395
0 0.7478005865102639 0.24144672531769307 0.0469208211143695 0.03714565004887586
0 0.8533724340175953 0.2820136852394917 0.04398826979472141 0.028347996089931573
0 0.907624633431085 0.29960899315738027 0.05278592375366569 0.030303030303030304