0 0.2642857142857143 0.32476190476190475 0.07142857142857142 0.13142857142857142
0 0.22 0.58 0.06571428571428571 0.13523809523809524
0 0.33285714285714285 0.4533333333333333 0.04285714285714286 0.08761904761904762
0 0.4471428571428571 0.4704761904761905 0.05142857142857143 0.0761904761904762
0 0.5442857142857143 0.36 0.08571428571428572 0.13333333333333333
0 0.8078571428571428 0.3961904761904762 0.07857142857142857 0.1180952380952381
0 0.7592857142857142 0.49714285714285716 0.05 0.0761904761904762
0 0.7128571428571429 0.6428571428571429 0.045714285714285714 0.10095238095238095
0 0.4114285714285714 0.6180952380952381 0.045714285714285714 0.08571428571428572
0 0.29642857142857143 0.6009523809523809 0.05857142857142857 0.08952380952380952
0 0.475 0.6133333333333333 0.05 0.13333333333333333