0 0.18857142857142858 0.5717344753747323 0.07142857142857142 0.09421841541755889
0 0.18285714285714286 0.7044967880085653 0.07142857142857142 0.09850107066381156
0 0.11857142857142858 0.7687366167023555 0.06 0.07708779443254818
0 0.12285714285714286 0.8940042826552462 0.06857142857142857 0.0835117773019272
0 0.07357142857142857 0.9293361884368309 0.05857142857142857 0.07708779443254818
0 0.26357142857142857 0.7334047109207709 0.07 0.05353319057815846
0 0.26857142857142857 0.867237687366167 0.06857142857142857 0.0728051391862955
0 0.345 0.5524625267665952 0.07285714285714286 0.09850107066381156
0 0.3442857142857143 0.6798715203426124 0.07428571428571429 0.08779443254817987
0 0.49714285714285716 0.5931477516059958 0.07714285714285714 0.09421841541755889
0 0.5 0.7173447537473233 0.06857142857142857 0.08137044967880086
0 0.6042857142857143 0.6895074946466809 0.06285714285714286 0.0728051391862955
0 0.7057142857142857 0.5289079229122056 0.06285714285714286 0.0728051391862955
0 0.7071428571428572 0.6252676659528907 0.06285714285714286 0.05139186295503212
0 0.835 0.3265524625267666 0.07571428571428572 0.08779443254817987
0 0.8407142857142857 0.4443254817987152 0.07285714285714286 0.08779443254817987