0 0.29642857142857143 0.388412017167382 0.05857142857142857 0.13733905579399142
0 0.285 0.1405579399141631 0.047142857142857146 0.08798283261802575
0 0.37285714285714283 0.14914163090128754 0.054285714285714284 0.08798283261802575
0 0.3821428571428571 0.3948497854077253 0.06142857142857143 0.12875536480686695
0 0.74 0.17274678111587982 0.05714285714285714 0.07510729613733906
0 0.72 0.4281115879828326 0.05714285714285714 0.13948497854077252
0 0.2764285714285714 0.6866952789699571 0.047142857142857146 0.08583690987124463
0 0.37785714285714284 0.7070815450643777 0.05285714285714286 0.07939914163090128
0 0.75 0.7414163090128756 0.06 0.08369098712446352
0 0.27214285714285713 0.927038626609442 0.06714285714285714 0.12446351931330472
0 0.36857142857142855 0.9313304721030042 0.06 0.13733905579399142
0 0.7192857142857143 0.953862660944206 0.05857142857142857 0.09227467811158799