0 0.06785714285714285 0.15308370044052863 0.027142857142857142 0.22687224669603523
0 0.05142857142857143 0.13105726872246695 0.08285714285714285 0.06387665198237885
0 0.125 0.30506607929515417 0.14142857142857143 0.08149779735682819
0 0.07857142857142857 0.4746696035242291 0.13714285714285715 0.11674008810572688
0 0.14357142857142857 0.6266519823788547 0.06142857142857143 0.03303964757709251
0 0.18857142857142858 0.6486784140969163 0.04285714285714286 0.03303964757709251
0 0.18285714285714286 0.3832599118942731 0.08 0.05726872246696035
0 0.2742857142857143 0.4911894273127753 0.025714285714285714 0.13656387665198239
0 0.3314285714285714 0.40198237885462557 0.08857142857142856 0.03303964757709251
0 0.3485714285714286 0.42731277533039647 0.022857142857142857 0.11013215859030837
0 0.39785714285714285 0.5870044052863436 0.024285714285714285 0.14317180616740088
0 0.39714285714285713 0.6024229074889867 0.08571428571428572 0.037444933920704845
0 0.34214285714285714 0.6795154185022027 0.018571428571428572 0.11674008810572688
0 0.4014285714285714 0.31607929515418504 0.02 0.11233480176211454
0 0.3992857142857143 0.3491189427312775 0.07285714285714286 0.04185022026431718
0 0.3514285714285714 0.17951541850220265 0.02 0.11233480176211454
0 0.2785714285714286 0.16740088105726872 0.022857142857142857 0.14096916299559473
0 0.16785714285714284 0.028634361233480177 0.11857142857142858 0.05286343612334802
0 0.37785714285714284 0.0473568281938326 0.10142857142857142 0.046255506607929514
0 0.3992857142857143 0.03634361233480176 0.024285714285714285 0.06828193832599119
0 0.4035714285714286 0.0947136563876652 0.07857142857142857 0.039647577092511016