0 0.7478571428571429 0.32441113490364026 0.05 0.1006423982869379
0 0.575 0.41862955032119914 0.047142857142857146 0.1006423982869379
0 0.4392857142857143 0.538543897216274 0.04428571428571428 0.09207708779443255
0 0.38571428571428573 0.619914346895075 0.02857142857142857 0.08779443254817987
0 0.42642857142857143 0.6423982869379015 0.032857142857142856 0.08137044967880086
0 0.46285714285714286 0.6680942184154176 0.02857142857142857 0.08993576017130621
0 0.2621428571428571 0.6927194860813705 0.027142857142857142 0.07066381156316917
0 0.305 0.7098501070663812 0.03 0.06638115631691649
0 0.33285714285714285 0.7226980728051392 0.022857142857142857 0.03640256959314775
0 0.1457142857142857 0.7794432548179872 0.02857142857142857 0.08565310492505353
0 0.185 0.791220556745182 0.032857142857142856 0.07066381156316917
0 0.22 0.797644539614561 0.02 0.04068522483940043
0 0.43 0.39828693790149894 0.03142857142857143 0.08137044967880086
0 0.4564285714285714 0.4229122055674518 0.02142857142857143 0.044967880085653104
0 0.5007142857142857 0.4486081370449679 0.027142857142857142 0.06209850107066381
0 0.5321428571428571 0.3158458244111349 0.027142857142857142 0.06638115631691649
0 0.6364285714285715 0.24411134903640258 0.027142857142857142 0.06852248394004283
0 0.7085714285714285 0.3029978586723769 0.03142857142857143 0.07066381156316917
0 0.5635714285714286 0.34582441113490364 0.02142857142857143 0.04068522483940043
0 0.6057142857142858 0.35653104925053536 0.025714285714285714 0.04068522483940043
0 0.6671428571428571 0.2698072805139186 0.022857142857142857 0.059957173447537475
0 0.08642857142857142 0.5599571734475375 0.055714285714285716 0.09635974304068523
0 0.175 0.588865096359743 0.055714285714285716 0.08137044967880086
0 0.8257142857142857 0.7205567451820128 0.05142857142857143 0.057815845824411134
0 0.7192857142857143 0.7762312633832976 0.04428571428571428 0.044967880085653104