0 0.27647058823529413 0.38720703125 0.04264705882352941 0.0234375
0 0.32132352941176473 0.333984375 0.030882352941176472 0.025390625
0 0.799264705882353 0.36181640625 0.030882352941176472 0.0234375
0 0.7279411764705882 0.4130859375 0.041176470588235294 0.0224609375
0 0.7930147058823529 0.57080078125 0.04632352941176471 0.021484375
0 0.8654411764705883 0.529296875 0.022058823529411766 0.0234375
0 0.24779411764705883 0.5029296875 0.039705882352941174 0.0234375
0 0.2051470588235294 0.54736328125 0.03529411764705882 0.025390625
0 0.2716911764705882 0.72265625 0.04338235294117647 0.0244140625
0 0.3139705882352941 0.6845703125 0.03529411764705882 0.025390625
0 0.7382352941176471 0.734130859375 0.033823529411764704 0.02001953125
0 0.8113970588235294 0.69970703125 0.027205882352941177 0.0244140625