0 0.535 0.3083511777301927 0.04428571428571428 0.17130620985010706
0 0.5021428571428571 0.2826552462526767 0.027142857142857142 0.12419700214132762
0 0.19428571428571428 0.3715203426124197 0.05142857142857143 0.15203426124197003
0 0.15285714285714286 0.35974304068522484 0.03142857142857143 0.13276231263383298
0 0.13285714285714287 0.671306209850107 0.02857142857142857 0.139186295503212
0 0.18071428571428572 0.6691648822269807 0.05857142857142857 0.14775160599571735
0 0.49785714285714283 0.6145610278372591 0.03 0.13276231263383298
0 0.5321428571428571 0.6263383297644539 0.04428571428571428 0.15631691648822268
0 0.11428571428571428 0.9689507494646681 0.02857142857142857 0.06209850107066381
0 0.15214285714285714 0.9625267665952891 0.03857142857142857 0.07494646680942184
0 0.49714285714285716 0.9475374732334048 0.03142857142857143 0.10492505353319058
0 0.5314285714285715 0.9389721627408993 0.04 0.12205567451820129
0 0.5235714285714286 0.8308351177730193 0.07285714285714286 0.059957173447537475
0 0.13 0.8725910064239829 0.06857142857142857 0.05353319057815846
0 0.5235714285714286 0.14668094218415417 0.07857142857142857 0.05353319057815846
0 0.16714285714285715 0.22055674518201285 0.05142857142857143 0.05139186295503212
0 0.5271428571428571 0.47644539614561027 0.07428571428571429 0.05353319057815846
0 0.14857142857142858 0.5310492505353319 0.05714285714285714 0.06423982869379015