0 0.18428571428571427 0.28525641025641024 0.04857142857142857 0.07051282051282051
0 0.21785714285714286 0.30235042735042733 0.047142857142857146 0.057692307692307696
0 0.30357142857142855 0.18803418803418803 0.04428571428571428 0.05982905982905983
0 0.33214285714285713 0.21367521367521367 0.041428571428571426 0.05982905982905983
0 0.4421428571428571 0.30662393162393164 0.05 0.057692307692307696
0 0.4692857142857143 0.3215811965811966 0.047142857142857146 0.053418803418803416
0 0.31357142857142856 0.37606837606837606 0.047142857142857146 0.0641025641025641
0 0.34785714285714286 0.3952991452991453 0.05285714285714286 0.042735042735042736
0 0.44 0.4583333333333333 0.045714285714285714 0.057692307692307696
0 0.4664285714285714 0.48504273504273504 0.047142857142857146 0.04700854700854701
0 0.5507142857142857 0.5459401709401709 0.05 0.053418803418803416
0 0.5778571428571428 0.5758547008547008 0.05285714285714286 0.049145299145299144