0 0.21071428571428572 0.259656652360515 0.06142857142857143 0.034334763948497854
0 0.25357142857142856 0.33369098712446355 0.05857142857142857 0.03648068669527897
0 0.3028571428571429 0.388412017167382 0.06 0.030042918454935622
0 0.5142857142857142 0.14914163090128754 0.06285714285714286 0.03648068669527897
0 0.8635714285714285 0.10085836909871244 0.06142857142857143 0.04721030042918455
0 0.8864285714285715 0.18454935622317598 0.06428571428571428 0.04291845493562232
0 0.9178571428571428 0.259656652360515 0.06428571428571428 0.04721030042918455
0 0.5485714285714286 0.22532188841201717 0.06857142857142857 0.02575107296137339
0 0.5742857142857143 0.2982832618025751 0.06571428571428571 0.03862660944206009
0 0.42857142857142855 0.27253218884120173 0.05142857142857143 0.07296137339055794
0 0.445 0.3444206008583691 0.047142857142857146 0.0536480686695279
0 0.3792857142857143 0.19957081545064378 0.055714285714285716 0.06866952789699571
0 0.7285714285714285 0.11266094420600858 0.06571428571428571 0.0407725321888412
0 0.755 0.19206008583690987 0.06714285714285714 0.04935622317596566
0 0.7828571428571428 0.2703862660944206 0.04857142857142857 0.03862660944206009