0 0.5135714285714286 0.12066365007541478 0.07285714285714286 0.09653092006033183
0 0.6507142857142857 0.18778280542986425 0.11 0.043740573152337855
0 0.69 0.2579185520361991 0.12 0.0693815987933635
0 0.5992857142857143 0.2684766214177979 0.07857142857142857 0.10256410256410256
0 0.725 0.3506787330316742 0.12714285714285714 0.058823529411764705
0 0.8085714285714286 0.5120663650075414 0.13142857142857142 0.07692307692307693
0 0.7564285714285715 0.5497737556561086 0.06714285714285714 0.11613876319758673
0 0.6214285714285714 0.5972850678733032 0.13714285714285715 0.05128205128205128
0 0.4657142857142857 0.526395173453997 0.09142857142857143 0.10256410256410256
0 0.7692857142857142 0.8242835595776772 0.15 0.07088989441930618
0 0.6971428571428572 0.8823529411764706 0.07142857142857142 0.11161387631975868