0 0.3157142857142857 0.19914346895074947 0.06571428571428571 0.15845824411134904
0 0.38857142857142857 0.1702355460385439 0.07142857142857142 0.15203426124197003
0 0.25 0.31905781584582443 0.11428571428571428 0.08993576017130621
0 0.25785714285714284 0.41541755888650966 0.11 0.08565310492505353
0 0.4185714285714286 0.6927194860813705 0.07428571428571429 0.16916488222698073
0 0.34 0.7226980728051392 0.07428571428571429 0.15203426124197003
0 0.2642857142857143 0.8340471092077087 0.13142857142857142 0.09635974304068523
0 0.275 0.936830835117773 0.12428571428571429 0.1006423982869379
0 0.635 0.4411134903640257 0.032857142857142856 0.11563169164882227
0 0.6921428571428572 0.4475374732334047 0.03 0.11563169164882227
0 0.515 0.3747323340471092 0.08428571428571428 0.03854389721627409