0 0.9728571428571429 0.28 0.054285714285714284 0.08
0 0.9307142857142857 0.31047619047619046 0.05285714285714286 0.08
0 0.7021428571428572 0.15047619047619049 0.05285714285714286 0.08
0 0.6642857142857143 0.17333333333333334 0.05142857142857143 0.07238095238095238
0 0.7957142857142857 0.31523809523809526 0.045714285714285714 0.07047619047619047
0 0.7628571428571429 0.3304761904761905 0.05142857142857143 0.08190476190476191
0 0.7621428571428571 0.6304761904761905 0.05285714285714286 0.08
0 0.7264285714285714 0.6447619047619048 0.05 0.07047619047619047
0 0.6221428571428571 0.41333333333333333 0.05857142857142857 0.06857142857142857
0 0.5842857142857143 0.4361904761904762 0.05714285714285714 0.07238095238095238
0 0.3171428571428571 0.35904761904761906 0.054285714285714284 0.06285714285714286
0 0.2842857142857143 0.3780952380952381 0.054285714285714284 0.06285714285714286
0 0.41714285714285715 0.49714285714285716 0.04 0.05333333333333334
0 0.38785714285714284 0.5133333333333333 0.05 0.06285714285714286
0 0.2807142857142857 0.580952380952381 0.06142857142857143 0.06476190476190476
0 0.24785714285714286 0.6019047619047619 0.05857142857142857 0.06857142857142857
0 0.4228571428571429 0.7704761904761904 0.04285714285714286 0.05523809523809524
0 0.3985714285714286 0.7914285714285715 0.04857142857142857 0.06666666666666667
0 0.16142857142857142 0.8704761904761905 0.05714285714285714 0.06857142857142857
0 0.13 0.8742857142857143 0.05714285714285714 0.0761904761904762
0 0.04928571428571429 0.7333333333333333 0.05857142857142857 0.06857142857142857
0 0.022857142857142857 0.7542857142857143 0.04285714285714286 0.05714285714285714