1 0.41432291666666665 0.5703703703703704 0.0109375 0.024074074074074074
1 0.3846354166666667 0.26481481481481484 0.011979166666666667 0.022222222222222223
1 0.353125 0.2828703703703704 0.0125 0.025
1 0.4192708333333333 0.9412037037037037 0.0125 0.025
0 0.3921875 0.9629629629629629 0.078125 0.07407407407407407
0 0.40859375 0.5856481481481481 0.08697916666666666 0.15648148148148147
0 0.3338541666666667 0.3902777777777778 0.065625 0.05462962962962963
0 0.5260416666666666 0.49675925925925923 0.058333333333333334 0.05462962962962963
0 0.21588541666666666 0.48657407407407405 0.08385416666666666 0.1712962962962963
0 0.3796875 0.25972222222222224 0.11979166666666667 0.16018518518518518
0 0.5734375 0.36712962962962964 0.11875 0.1527777777777778
0 0.75546875 0.4638888888888889 0.11822916666666666 0.14814814814814814
0 0.70078125 0.5958333333333333 0.0453125 0.041666666666666664
1 0.5580729166666667 0.7305555555555555 0.011979166666666667 0.018518518518518517
0 0.5828125 0.6768518518518518 0.07916666666666666 0.12962962962962962