6 0.48671875 0.03888888888888889 0.07135416666666666 0.07592592592592592
4 0.11197916666666667 0.36666666666666664 0.06145833333333333 0.03333333333333333
4 0.24609375 0.4013888888888889 0.05572916666666667 0.03611111111111111
4 0.35572916666666665 0.4324074074074074 0.05416666666666667 0.03518518518518519
4 0.25442708333333336 0.8833333333333333 0.030729166666666665 0.020370370370370372
4 0.31796875 0.8981481481481481 0.030729166666666665 0.020370370370370372
4 0.37838541666666664 0.9143518518518519 0.030729166666666665 0.021296296296296296
4 0.5255208333333333 0.9143518518518519 0.030208333333333334 0.023148148148148147
4 0.5916666666666667 0.8967592592592593 0.03125 0.023148148148148147
4 0.6526041666666667 0.8837962962962963 0.030208333333333334 0.023148148148148147
4 0.6302083333333334 0.44166666666666665 0.05520833333333333 0.03888888888888889
4 0.74765625 0.41435185185185186 0.05572916666666667 0.03981481481481482
4 0.8765625 0.38333333333333336 0.06145833333333333 0.037037037037037035