1 0.3111979166666667 0.44212962962962965 0.0109375 0.028703703703703703
1 0.44505208333333335 0.6370370370370371 0.009895833333333333 0.022222222222222223
1 0.6153645833333333 0.6513888888888889 0.008854166666666666 0.019444444444444445
1 0.3341145833333333 0.39814814814814814 0.0109375 0.025925925925925925
0 0.2513020833333333 0.7393518518518518 0.04010416666666667 0.21203703703703702
0 0.32447916666666665 0.5527777777777778 0.06770833333333333 0.027777777777777776
1 0.31015625 0.4777777777777778 0.0109375 0.025925925925925925
0 0.32838541666666665 0.3990740740740741 0.07239583333333334 0.23333333333333334
0 0.5278645833333333 0.31851851851851853 0.0734375 0.2222222222222222
0 0.5197916666666667 0.4773148148148148 0.058333333333333334 0.026851851851851852
0 0.4440104166666667 0.6569444444444444 0.043229166666666666 0.19722222222222222
0 0.62265625 0.5800925925925926 0.0421875 0.17314814814814813
0 0.70078125 0.4050925925925926 0.04739583333333333 0.021296296296296296
0 0.7096354166666666 0.2439814814814815 0.07239583333333334 0.21944444444444444
0 0.7614583333333333 0.9472222222222222 0.03958333333333333 0.10555555555555556
1 0.55390625 0.9532407407407407 0.011979166666666667 0.025
0 0.55 0.9680555555555556 0.030208333333333334 0.06388888888888888