1 0.9065 0.9002998500749625 0.029 0.031484257871064465
1 0.8485 0.9085457271364318 0.029 0.03298350824587706
1 0.431 0.5337331334332833 0.028 0.044977511244377814
1 0.302 0.017241379310344827 0.028 0.031484257871064465
0 0.293 0.02848575712143928 0.072 0.053973013493253376
0 0.348 0.037481259370314844 0.114 0.07196401799100449
0 0.7315 0.40554722638680657 0.113 0.04047976011994003
0 0.7185 0.43478260869565216 0.085 0.03298350824587706
0 0.4025 0.5727136431784108 0.137 0.18290854572713644
0 0.418 0.6094452773613194 0.13 0.1904047976011994
0 0.854 0.9062968515742129 0.168 0.05547226386806597
0 0.857 0.9482758620689655 0.168 0.05847076461769116