0 0.14869791666666668 0.3523148148148148 0.0359375 0.04351851851851852
0 0.5966145833333333 0.04259259259259259 0.07447916666666667 0.08333333333333333
0 0.06666666666666667 0.11574074074074074 0.09375 0.22962962962962963
0 0.17682291666666666 0.07083333333333333 0.05677083333333333 0.1398148148148148
0 0.2328125 0.01712962962962963 0.027083333333333334 0.032407407407407406
0 0.6263020833333334 0.34444444444444444 0.14635416666666667 0.34814814814814815
0 0.5361979166666667 0.42777777777777776 0.16302083333333334 0.387037037037037
0 0.42734375 0.5407407407407407 0.14739583333333334 0.34814814814814815
0 0.35885416666666664 0.5638888888888889 0.11666666666666667 0.27037037037037037
0 0.27265625 0.7222222222222222 0.0359375 0.06481481481481481
0 0.2716145833333333 0.6643518518518519 0.1265625 0.2898148148148148