1 0.6425 0.5772222222222222 0.045 0.03
1 0.36833333333333335 0.18222222222222223 0.05 0.03333333333333333
0 0.57 0.7133333333333334 0.08333333333333333 0.10222222222222223
0 0.6158333333333333 0.5938888888888889 0.14166666666666666 0.09
0 0.9658333333333333 0.6733333333333333 0.06833333333333333 0.06666666666666667
0 0.965 0.5727777777777778 0.07 0.07
0 0.27666666666666667 0.4444444444444444 0.12333333333333334 0.06
0 0.20083333333333334 0.5055555555555555 0.07166666666666667 0.1111111111111111
0 0.26166666666666666 0.36666666666666664 0.14666666666666667 0.11777777777777777
0 0.345 0.2916666666666667 0.07 0.08555555555555555
0 0.7891666666666667 0.3438888888888889 0.075 0.09222222222222222
0 0.37 0.1811111111111111 0.09333333333333334 0.07333333333333333
0 0.8016666666666666 0.04555555555555556 0.09666666666666666 0.08888888888888889