1 0.43203125 0.4759259259259259 0.015104166666666667 0.02962962962962963
1 0.75859375 0.35509259259259257 0.0203125 0.03796296296296296
0 0.33828125 0.7212962962962963 0.1109375 0.17037037037037037
0 0.2604166666666667 0.5902777777777778 0.09791666666666667 0.23425925925925925
0 0.34036458333333336 0.5481481481481482 0.1234375 0.3055555555555556
0 0.42161458333333335 0.4388888888888889 0.10989583333333333 0.2814814814814815
0 0.5184895833333333 0.4671296296296296 0.14114583333333333 0.35648148148148145
0 0.64453125 0.37962962962962965 0.1578125 0.3962962962962963
0 0.7234375 0.2791666666666667 0.13958333333333334 0.35648148148148145
0 0.2296875 0.31296296296296294 0.08125 0.09814814814814815
0 0.16328125 0.18611111111111112 0.06510416666666667 0.07407407407407407
0 0.09192708333333334 0.09907407407407408 0.06927083333333334 0.1962962962962963
0 0.16822916666666668 0.052314814814814814 0.04375 0.10277777777777777