1 0.521 0.9130434782608695 0.066 0.09295352323838081
0 0.1955 0.4482758620689655 0.051 0.3778110944527736
0 0.264 0.44227886056971516 0.052 0.3748125937031484
0 0.335 0.40104947526236884 0.038 0.2983508245877061
0 0.39 0.3770614692653673 0.042 0.2593703148425787
0 0.435 0.8470764617691154 0.232 0.22188905547226387
0 0.392 0.9130434782608695 0.228 0.17391304347826086
0 0.499 0.7946026986506747 0.174 0.1679160419790105
0 0.5365 0.732383808095952 0.145 0.14842578710644677
0 0.7195 0.7496251874062968 0.301 0.2818590704647676
0 0.7635 0.6379310344827587 0.307 0.2773613193403298
0 0.453 0.17391304347826086 0.068 0.3448275862068966
0 0.5375 0.17166416791604197 0.063 0.3403298350824588