1 0.324 0.6246223564954683 0.086 0.13444108761329304
0 0.2975 0.5785498489425982 0.169 0.2990936555891239
0 0.158 0.09894259818731117 0.062 0.19486404833836857
0 0.4165 0.13897280966767372 0.079 0.27492447129909364
0 0.5055 0.20468277945619334 0.121 0.07099697885196375
0 0.56 0.6095166163141994 0.146 0.23716012084592145
0 0.5985 0.5377643504531722 0.111 0.0634441087613293
0 0.773 0.6321752265861027 0.142 0.2039274924471299
0 0.908 0.7280966767371602 0.042 0.054380664652567974
0 0.9335 0.8987915407854985 0.099 0.04229607250755287
0 0.8425 0.8693353474320241 0.037 0.07401812688821752
0 0.6275 0.20921450151057402 0.067 0.27341389728096677