1 0.4905 0.7137462235649547 0.029 0.04380664652567976
1 0.6815 0.7870090634441088 0.027 0.04229607250755287
0 0.479 0.6986404833836858 0.064 0.10120845921450151
0 0.5795 0.7802114803625377 0.073 0.0770392749244713
0 0.674 0.7484894259818731 0.056 0.07401812688821752
0 0.663 0.804380664652568 0.068 0.08006042296072508
0 0.7245 0.7386706948640483 0.065 0.1027190332326284
0 0.5765 0.1865558912386707 0.057 0.07099697885196375
0 0.393 0.10045317220543806 0.062 0.1042296072507553
0 0.906 0.7809667673716012 0.058 0.09063444108761329
0 0.8585 0.5173716012084593 0.053 0.0770392749244713