1 0.4865 0.5042613636363636 0.053 0.07386363636363637
1 0.5095 0.5276988636363636 0.049 0.06392045454545454
0 0.23 0.11008522727272728 0.092 0.10085227272727272
0 0.339 0.5447443181818182 0.094 0.08948863636363637
0 0.5075 0.48579545454545453 0.097 0.11363636363636363
0 0.535 0.5106534090909091 0.156 0.1377840909090909
0 0.4665 0.9829545454545454 0.089 0.03409090909090909
0 0.6255 0.9325284090909091 0.093 0.12073863636363637
0 0.6555 0.9318181818181818 0.129 0.13636363636363635
0 0.3945 0.06818181818181818 0.095 0.11079545454545454
0 0.4215 0.11150568181818182 0.147 0.11221590909090909