1 0.49140625 0.6675925925925926 0.011979166666666667 0.020370370370370372
1 0.6419270833333334 0.5291666666666667 0.0078125 0.019444444444444445
1 0.32057291666666665 0.6185185185185185 0.009895833333333333 0.022222222222222223
1 0.3299479166666667 0.649074074074074 0.008854166666666666 0.022222222222222223
1 0.32760416666666664 0.5606481481481481 0.008333333333333333 0.023148148148148147
0 0.91640625 0.9023148148148148 0.05677083333333333 0.09351851851851851
1 0.675 0.8462962962962963 0.008333333333333333 0.024074074074074074
0 0.68046875 0.9115740740740741 0.0265625 0.17685185185185184
0 0.8588541666666667 0.7148148148148148 0.023958333333333335 0.25
0 0.64765625 0.2375 0.04114583333333333 0.05462962962962963
0 0.6309895833333333 0.47314814814814815 0.03697916666666667 0.1962962962962963
0 0.6109375 0.10462962962962963 0.019791666666666666 0.2074074074074074
0 0.4734375 0.3199074074074074 0.022916666666666665 0.2490740740740741
0 0.51015625 0.46064814814814814 0.0515625 0.075
0 0.36328125 0.700462962962963 0.05677083333333333 0.0824074074074074
0 0.3229166666666667 0.5638888888888889 0.025 0.2518518518518518
0 0.49661458333333336 0.6856481481481481 0.04114583333333333 0.1935185185185185
0 0.35 0.9148148148148149 0.04375 0.17037037037037037