1 0.451 0.12818590704647675 0.024 0.049475262368815595
1 0.4635 0.08170914542728636 0.023 0.046476761619190406
1 0.539 0.5217391304347826 0.032 0.050974512743628186
1 0.866 0.8170914542728636 0.028 0.041979010494752625
1 0.8985 0.8043478260869565 0.027 0.043478260869565216
1 0.931 0.9280359820089955 0.024 0.047976011994003
1 0.92 0.9355322338830585 0.026 0.044977511244377814
0 0.4275 0.13043478260869565 0.029 0.25787106446776614
0 0.4565 0.13193403298350825 0.041 0.2608695652173913
0 0.506 0.5494752623688156 0.126 0.280359820089955
0 0.266 0.5997001499250375 0.03 0.041979010494752625
0 0.275 0.679160419790105 0.026 0.041979010494752625
0 0.539 0.5509745127436282 0.128 0.3073463268365817
0 0.8415 0.545727136431784 0.057 0.17391304347826086
0 0.927 0.8710644677661169 0.096 0.19790104947526238
0 0.898 0.8823088455772113 0.114 0.21739130434782608