1 0.7515 0.6110271903323263 0.027 0.04380664652567976
1 0.563 0.6925981873111783 0.03 0.04380664652567976
0 0.2715 0.23791540785498488 0.073 0.07099697885196375
0 0.4635 0.17069486404833836 0.041 0.08761329305135952
0 0.5495 0.6873111782477341 0.077 0.0634441087613293
0 0.6625 0.68202416918429 0.051 0.10725075528700906
0 0.732 0.5861027190332326 0.034 0.09063444108761329
0 0.7415 0.6367069486404834 0.047 0.11027190332326284
0 0.775 0.5370090634441088 0.082 0.0649546827794562
0 0.9445 0.43731117824773413 0.035 0.10725075528700906
0 0.816 0.24093655589123866 0.036 0.09516616314199396