0 0.7408854166666666 0.7273148148148149 0.0005208333333333333 0.000925925925925926
0 0.728125 0.2898148148148148 0.05520833333333333 0.18333333333333332
0 0.7877604166666666 0.36018518518518516 0.043229166666666666 0.1574074074074074
0 0.8854166666666666 0.4305555555555556 0.042708333333333334 0.18888888888888888
0 0.7942708333333334 0.9726851851851852 0.06770833333333333 0.05462962962962963
0 0.8916666666666667 0.8055555555555556 0.14479166666666668 0.13703703703703704
0 0.9338541666666667 0.6453703703703704 0.13229166666666667 0.12962962962962962
0 0.43697916666666664 0.8074074074074075 0.16979166666666667 0.18888888888888888
0 0.45 0.6763888888888889 0.209375 0.225
0 0.50859375 0.4625 0.23697916666666666 0.2601851851851852
0 0.5403645833333334 0.2916666666666667 0.2109375 0.22777777777777777