1 0.491 0.5149147727272727 0.048 0.07528409090909091
1 0.5195 0.5163352272727273 0.045 0.07244318181818182
0 0.131 0.3544034090909091 0.092 0.06676136363636363
0 0.256 0.20241477272727273 0.074 0.1377840909090909
0 0.2955 0.21875 0.119 0.1846590909090909
0 0.5025 0.4836647727272727 0.071 0.1377840909090909
0 0.5335 0.4850852272727273 0.113 0.2002840909090909
0 0.3775 0.6541193181818182 0.089 0.06676136363636363
0 0.648 0.9595170454545454 0.088 0.07244318181818182
0 0.7605 0.7819602272727273 0.065 0.140625
0 0.781 0.7720170454545454 0.104 0.20880681818181818