1 0.434375 0.5398148148148149 0.017708333333333333 0.025925925925925925
1 0.6838541666666667 0.14537037037037037 0.026041666666666668 0.03518518518518519
0 0.31796875 0.7898148148148149 0.14114583333333333 0.13333333333333333
0 0.21145833333333333 0.5847222222222223 0.05416666666666667 0.1638888888888889
0 0.421875 0.8347222222222223 0.052083333333333336 0.23425925925925925
0 0.11875 0.5305555555555556 0.041666666666666664 0.11481481481481481
0 0.37552083333333336 0.6861111111111111 0.18541666666666667 0.17777777777777778
0 0.415625 0.5166666666666667 0.16875 0.1685185185185185
0 0.5067708333333333 0.45416666666666666 0.215625 0.21574074074074073
0 0.5919270833333333 0.2671296296296296 0.24010416666666667 0.24351851851851852
0 0.634375 0.11018518518518519 0.21354166666666666 0.21851851851851853
0 0.044270833333333336 0.5236111111111111 0.0875 0.11388888888888889
0 0.05859375 0.37453703703703706 0.11614583333333334 0.1398148148148148
0 0.007552083333333333 0.2962962962962963 0.0140625 0.03518518518518519
0 0.09895833333333333 0.19768518518518519 0.12604166666666666 0.15648148148148147
0 0.13958333333333334 0.08333333333333333 0.12708333333333333 0.1648148148148148