1 0.938 0.5914542728635682 0.03 0.043478260869565216
1 0.985 0.5389805097451275 0.028 0.043478260869565216
1 0.4505 0.5802098950524738 0.025 0.047976011994003
1 0.844 0.8665667166416792 0.022 0.047976011994003
1 0.844 0.9092953523238381 0.022 0.046476761619190406
1 0.1655 0.22263868065967016 0.027 0.04047976011994003
1 0.183 0.1874062968515742 0.026 0.041979010494752625
1 0.2025 0.14767616191904048 0.025 0.037481259370314844
0 0.337 0.019490254872563718 0.052 0.035982008995502246
0 0.361 0.03223388305847077 0.08 0.06146926536731634
0 0.181 0.19940029985007496 0.094 0.1889055472263868
0 0.208 0.20314842578710646 0.078 0.14842578710644677
0 0.4395 0.636431784107946 0.067 0.24737631184407796
0 0.467 0.651424287856072 0.064 0.24737631184407796
0 0.6685 0.27961019490254874 0.071 0.06746626686656672
0 0.661 0.24962518740629686 0.078 0.06446776611694154
0 0.9355 0.5914542728635682 0.129 0.15442278860569716
0 0.945 0.631184407796102 0.11 0.13793103448275862
0 0.845 0.9152923538230885 0.026 0.16941529235382308
0 0.8215 0.9032983508245878 0.027 0.1934032983508246