1 0.3776041666666667 0.7615740740740741 0.013541666666666667 0.025
1 0.39505208333333336 0.7800925925925926 0.013020833333333334 0.023148148148148147
1 0.36796875 0.7055555555555556 0.013020833333333334 0.020370370370370372
0 0.8901041666666667 0.8300925925925926 0.028125 0.1398148148148148
0 0.97421875 0.4759259259259259 0.024479166666666666 0.12222222222222222
0 0.43828125 0.7949074074074074 0.030729166666666665 0.11574074074074074
0 0.4984375 0.4564814814814815 0.028125 0.1
0 0.5544270833333333 0.14074074074074075 0.024479166666666666 0.07962962962962963
0 0.48828125 0.07592592592592592 0.06614583333333333 0.15
0 0.42552083333333335 0.37037037037037035 0.084375 0.20185185185185187
0 0.60546875 0.3597222222222222 0.0859375 0.14537037037037037
1 0.53984375 0.6527777777777778 0.011979166666666667 0.016666666666666666
0 0.5484375 0.6657407407407407 0.08645833333333333 0.14629629629629629
0 0.36432291666666666 0.712037037037037 0.08697916666666666 0.20925925925925926
0 0.7828125 0.7300925925925926 0.08645833333333333 0.22314814814814815
0 0.8768229166666667 0.9805555555555555 0.03697916666666667 0.03888888888888889
0 0.871875 0.3699074074074074 0.07916666666666666 0.2101851851851852
0 0.9723958333333333 0.6699074074074074 0.05520833333333333 0.1287037037037037
0 0.475 0.9629629629629629 0.06354166666666666 0.07407407407407407