1 0.06875 0.23170731707317074 0.04 0.06566604127579738
0 0.063125 0.549718574108818 0.05125 0.15384615384615385
0 0.098125 0.574108818011257 0.04875 0.150093808630394
0 0.058125 0.2870544090056285 0.05875 0.1726078799249531
0 0.104375 0.3067542213883677 0.05625 0.14821763602251406
0 0.381875 0.17636022514071295 0.06125 0.19136960600375236
0 0.425625 0.20919324577861162 0.05875 0.18198874296435272
0 0.20625 0.03470919324577861 0.045 0.06566604127579738
0 0.55625 0.8968105065666041 0.0375 0.14634146341463414
0 0.588125 0.9146341463414634 0.04125 0.13696060037523453
0 0.858125 0.874296435272045 0.04125 0.1575984990619137
0 0.894375 0.8958724202626641 0.03875 0.15196998123827393
0 0.98375 0.649155722326454 0.0325 0.17636022514071295