1 0.7921174652241113 0.7041015625 0.09428129829984544 0.037109375
0 0.7905718701700154 0.7041015625 0.08809891808346214 0.04296875
0 0.384080370942813 0.9267578125 0.07573415765069552 0.05078125
0 0.3083462132921175 0.75244140625 0.08191653786707882 0.0322265625
0 0.5316846986089645 0.77294921875 0.0865533230293663 0.0341796875
0 0.6615146831530139 0.70361328125 0.061823802163833076 0.0361328125
0 0.517774343122102 0.72607421875 0.061823802163833076 0.0361328125
0 0.5131375579598145 0.6806640625 0.09273570324574962 0.037109375
0 0.3261205564142195 0.55517578125 0.06800618238021638 0.0419921875
0 0.45440494590417313 0.4404296875 0.0865533230293663 0.033203125
0 0.25193199381761977 0.41943359375 0.08346213292117466 0.0341796875
0 0.46290571870170016 0.408203125 0.08191653786707882 0.033203125
0 0.6993817619783617 0.48779296875 0.06646058732612056 0.0380859375
0 0.6700154559505409 0.34228515625 0.09119010819165378 0.0322265625
0 0.4134466769706337 0.31591796875 0.0973724884080371 0.0341796875
0 0.625193199381762 0.162109375 0.03863987635239567 0.025390625
0 0.3693972179289026 0.12841796875 0.0865533230293663 0.0341796875