1 0.3895 0.743202416918429 0.087 0.1148036253776435
0 0.06 0.37613293051359514 0.118 0.24471299093655588
0 0.3515 0.7220543806646526 0.223 0.1903323262839879
0 0.5905 0.5498489425981873 0.179 0.14501510574018128
0 0.303 0.23716012084592145 0.154 0.2628398791540785
0 0.1945 0.11404833836858005 0.041 0.052870090634441085
0 0.2525 0.03625377643504532 0.047 0.06948640483383686
0 0.408 0.24546827794561935 0.102 0.12537764350453173
0 0.7805 0.4086102719033233 0.167 0.11329305135951662
0 0.9195 0.5619335347432024 0.025 0.06948640483383686
0 0.9275 0.38821752265861026 0.029 0.0634441087613293
0 0.6045 0.4478851963746224 0.075 0.0891238670694864
0 0.5145 0.14577039274924472 0.133 0.22507552870090636