1 0.37265625 0.8694444444444445 0.018229166666666668 0.027777777777777776
1 0.61015625 0.4666666666666667 0.021354166666666667 0.03148148148148148
0 0.47734375 0.18101851851851852 0.0484375 0.1824074074074074
0 0.3841145833333333 0.10601851851851851 0.04635416666666667 0.1527777777777778
0 0.3171875 0.055092592592592596 0.042708333333333334 0.10833333333333334
0 0.353125 0.8476851851851852 0.17083333333333334 0.16203703703703703
0 0.43645833333333334 0.7768518518518519 0.20416666666666666 0.19814814814814816
0 0.5213541666666667 0.5921296296296297 0.240625 0.2324074074074074
0 0.5598958333333334 0.4337962962962963 0.21458333333333332 0.2101851851851852
0 0.04791666666666667 0.5537037037037037 0.09479166666666666 0.12777777777777777
0 0.06744791666666666 0.42268518518518516 0.13385416666666666 0.16944444444444445
0 0.12734375 0.2074074074074074 0.17447916666666666 0.21851851851851853
0 0.17786458333333333 0.06574074074074074 0.1234375 0.12962962962962962