1 0.14916666666666667 0.26722222222222225 0.041666666666666664 0.034444444444444444
1 0.6808333333333333 0.5188888888888888 0.03833333333333333 0.028888888888888888
0 0.72 0.6605555555555556 0.13666666666666666 0.07666666666666666
0 0.67 0.5411111111111111 0.07666666666666666 0.11555555555555555
0 0.2658333333333333 0.5266666666666666 0.08833333333333333 0.08666666666666667
0 0.24416666666666667 0.6027777777777777 0.135 0.09222222222222222
0 0.195 0.4638888888888889 0.06666666666666667 0.13666666666666666
0 0.20833333333333334 0.37166666666666665 0.10333333333333333 0.07
0 0.15166666666666667 0.2627777777777778 0.056666666666666664 0.09
0 0.9708333333333333 0.3838888888888889 0.04833333333333333 0.11444444444444445
0 0.6325 0.27166666666666667 0.11833333333333333 0.07
0 0.42083333333333334 0.03 0.04833333333333333 0.057777777777777775