1 0.125 0.4205397301349325 0.022 0.031484257871064465
1 0.12 0.5112443778110944 0.022 0.041979010494752625
1 0.121 0.46851574212893554 0.022 0.037481259370314844
1 0.4845 0.6041979010494752 0.023 0.044977511244377814
1 0.51 0.5757121439280359 0.024 0.041979010494752625
1 0.9105 0.2518740629685157 0.027 0.044977511244377814
1 0.933 0.17391304347826086 0.026 0.041979010494752625
1 0.921 0.5599700149925038 0.03 0.046476761619190406
1 0.935 0.595952023988006 0.03 0.049475262368815595
0 0.1225 0.4782608695652174 0.033 0.2098950524737631
0 0.1485 0.4625187406296852 0.029 0.17841079460269865
0 0.2015 0.18440779610194902 0.055 0.10494752623688156
0 0.2215 0.19415292353823088 0.057 0.10644677661169415
0 0.5615 0.1454272863568216 0.073 0.14392803598200898
0 0.5735 0.17691154422788605 0.053 0.10494752623688156
0 0.912 0.24512743628185907 0.082 0.23238380809595202
0 0.94 0.2556221889055472 0.08 0.2353823088455772
0 0.521 0.6491754122938531 0.058 0.22788605697151423
0 0.4945 0.6634182908545727 0.055 0.25337331334332835
0 0.929 0.6536731634182908 0.11 0.25487256371814093
0 0.9505 0.658920539730135 0.099 0.27436281859070466