1 0.94140625 0.7847222222222222 0.018229166666666668 0.021296296296296296
0 0.47578125 0.28379629629629627 0.2328125 0.05092592592592592
0 0.49583333333333335 0.46111111111111114 0.2625 0.05740740740740741
0 0.6385416666666667 0.11342592592592593 0.01875 0.19537037037037036
0 0.7106770833333333 0.12407407407407407 0.0234375 0.16666666666666666
0 0.81484375 0.09768518518518518 0.0296875 0.1935185185185185
0 0.9239583333333333 0.23657407407407408 0.15208333333333332 0.075
0 0.925 0.4148148148148148 0.15 0.07592592592592592
0 0.928125 0.6541666666666667 0.14375 0.06759259259259259
0 0.9122395833333333 0.7847222222222222 0.17552083333333332 0.06574074074074074
0 0.7651041666666667 0.975462962962963 0.011458333333333333 0.049074074074074076
0 0.9197916666666667 0.9694444444444444 0.16041666666666668 0.06111111111111111
0 0.53125 0.8217592592592593 0.1875 0.03611111111111111
0 0.5078125 0.6949074074074074 0.22916666666666666 0.049074074074074076