1 0.5166666666666667 0.8675925925925926 0.021875 0.022222222222222223
0 0.6153645833333333 0.3037037037037037 0.022395833333333334 0.19444444444444445
0 0.47369791666666666 0.45601851851851855 0.2265625 0.04537037037037037
0 0.46927083333333336 0.6347222222222222 0.253125 0.049074074074074076
0 0.48671875 0.8597222222222223 0.23072916666666668 0.04351851851851852
0 0.5471354166666667 0.975462962962963 0.1828125 0.03611111111111111
0 0.9192708333333334 0.9611111111111111 0.16145833333333334 0.05185185185185185
0 0.9169270833333333 0.8425925925925926 0.16302083333333334 0.05925925925925926
0 0.9091145833333333 0.611574074074074 0.18177083333333333 0.06759259259259259
0 0.9197916666666667 0.42685185185185187 0.16041666666666668 0.06851851851851852
0 0.7098958333333333 0.31203703703703706 0.011458333333333333 0.17037037037037037
0 0.7833333333333333 0.2962962962962963 0.015625 0.19444444444444445