1 0.4544270833333333 0.5925925925925926 0.018229166666666668 0.020370370370370372
1 0.55859375 0.030555555555555555 0.0234375 0.024074074074074074
0 0.08333333333333333 0.9254629629629629 0.15625 0.03981481481481482
0 0.0109375 0.8555555555555555 0.020833333333333332 0.2222222222222222
0 0.07369791666666667 0.7819444444444444 0.14635416666666667 0.041666666666666664
0 0.1796875 0.8736111111111111 0.009375 0.15092592592592594
0 0.27317708333333335 0.8462962962962963 0.0109375 0.21296296296296297
0 0.41119791666666666 0.9148148148148149 0.1828125 0.05
0 0.5278645833333333 0.862037037037037 0.033854166666666664 0.24074074074074073
0 0.44453125 0.7694444444444445 0.1984375 0.05555555555555555
0 0.4322916666666667 0.5916666666666667 0.18333333333333332 0.05
0 0.4940104166666667 0.4546296296296296 0.23385416666666667 0.05740740740740741
0 0.51328125 0.2199074074074074 0.2598958333333333 0.06388888888888888
0 0.5065104166666666 0.04537037037037037 0.23177083333333334 0.05740740740740741
0 0.0703125 0.5949074074074074 0.13958333333333334 0.04351851851851852
0 0.07161458333333333 0.45925925925925926 0.1421875 0.05185185185185185
0 0.0796875 0.21574074074074073 0.15833333333333333 0.06666666666666667
0 0.06666666666666667 0.03425925925925926 0.13229166666666667 0.05925925925925926