1 0.051041666666666666 0.6736111111111112 0.022916666666666665 0.025
0 0.005729166666666666 0.9745370370370371 0.010416666666666666 0.05092592592592592
0 0.08776041666666666 0.9708333333333333 0.16614583333333333 0.04351851851851852
0 0.08697916666666666 0.7819444444444444 0.17291666666666666 0.041666666666666664
0 0.07083333333333333 0.6657407407407407 0.140625 0.046296296296296294
0 0.06770833333333333 0.4388888888888889 0.134375 0.04814814814814815
0 0.061197916666666664 0.2550925925925926 0.12135416666666667 0.04351851851851852
0 0.15286458333333333 0.10046296296296296 0.0203125 0.19722222222222222
0 0.24661458333333333 0.11157407407407408 0.011979166666666667 0.175
0 0.32265625 0.09907407407407408 0.019270833333333334 0.19444444444444445
0 0.4890625 0.22777777777777777 0.22916666666666666 0.07592592592592592
0 0.4830729166666667 0.4083333333333333 0.2557291666666667 0.08333333333333333
0 0.4861979166666667 0.6328703703703704 0.23177083333333334 0.075
0 0.46067708333333335 0.7486111111111111 0.18177083333333333 0.06388888888888888
0 0.465625 0.9342592592592592 0.19895833333333332 0.06851851851851852
0 0.49557291666666664 0.9606481481481481 0.0171875 0.0787037037037037
0 0.253125 0.9657407407407408 0.010416666666666666 0.06851851851851852