1 0.6691666666666667 0.45666666666666667 0.041666666666666664 0.028888888888888888
1 0.025 0.4172222222222222 0.04666666666666667 0.034444444444444444
0 0.030833333333333334 0.40944444444444444 0.058333333333333334 0.08555555555555555
0 0.20916666666666667 0.57 0.10166666666666667 0.13111111111111112
0 0.14916666666666667 0.4861111111111111 0.12166666666666667 0.04555555555555556
0 0.6791666666666667 0.48055555555555557 0.07166666666666667 0.11222222222222222
0 0.3175 0.6011111111111112 0.051666666666666666 0.08888888888888889
0 0.8116666666666666 0.5666666666666667 0.15333333333333332 0.042222222222222223
0 0.3566666666666667 0.6738888888888889 0.16333333333333333 0.056666666666666664
0 0.4425 0.2588888888888889 0.13166666666666665 0.042222222222222223
0 0.05583333333333333 0.08777777777777777 0.10833333333333334 0.10666666666666667
0 0.8216666666666667 0.24444444444444444 0.10333333333333333 0.10444444444444445
0 0.9541666666666667 0.31722222222222224 0.09166666666666666 0.03222222222222222
0 0.9475 0.15833333333333333 0.105 0.034444444444444444