1 0.48723958333333334 0.836574074074074 0.015104166666666667 0.021296296296296296
1 0.44192708333333336 0.7944444444444444 0.015104166666666667 0.020370370370370372
1 0.46796875 0.8342592592592593 0.0140625 0.022222222222222223
1 0.5768229166666666 0.5972222222222222 0.011979166666666667 0.018518518518518517
1 0.9942708333333333 0.5939814814814814 0.011458333333333333 0.019444444444444445
0 0.4421875 0.8046296296296296 0.13020833333333334 0.13333333333333333
0 0.53046875 0.812037037037037 0.016145833333333335 0.1259259259259259
0 0.39947916666666666 0.45231481481481484 0.128125 0.13055555555555556
0 0.48723958333333334 0.46435185185185185 0.0140625 0.10648148148148148
0 0.55234375 0.28379629629629627 0.11197916666666667 0.0787037037037037
1 0.584375 0.2949074074074074 0.011458333333333333 0.019444444444444445
0 0.35598958333333336 0.12638888888888888 0.12239583333333333 0.1287037037037037
0 0.44609375 0.14074074074074075 0.0109375 0.08518518518518518
0 0.5890625 0.5995370370370371 0.11041666666666666 0.07685185185185185
1 0.75546875 0.40370370370370373 0.015104166666666667 0.020370370370370372
0 0.81328125 0.45185185185185184 0.1296875 0.14074074074074075
0 0.7838541666666666 0.06435185185185185 0.12708333333333333 0.12685185185185185
0 0.9708333333333333 0.5944444444444444 0.058333333333333334 0.06111111111111111
0 0.93046875 0.4375 0.0265625 0.14166666666666666
0 0.95859375 0.21898148148148147 0.0828125 0.0787037037037037
0 0.6354166666666666 0.9425925925925925 0.12083333333333333 0.07222222222222222
0 0.9049479166666666 0.06157407407407407 0.0234375 0.12129629629629629