1 0.149 0.7098950524737632 0.024 0.034482758620689655
1 0.1615 0.7556221889055472 0.023 0.035982008995502246
1 0.174 0.7961019490254873 0.024 0.038980509745127435
1 0.5215 0.6049475262368815 0.029 0.043478260869565216
1 0.8845 0.2368815592203898 0.029 0.041979010494752625
1 0.91 0.2563718140929535 0.03 0.041979010494752625
0 0.1355 0.4542728635682159 0.025 0.10194902548725637
0 0.1565 0.4452773613193403 0.025 0.1199400299850075
0 0.187 0.7421289355322339 0.068 0.18590704647676162
1 0.206 0.8073463268365817 0.024 0.04047976011994003
0 0.167 0.7646176911544228 0.072 0.19490254872563717
0 0.7775 0.04872563718140929 0.023 0.0944527736131934
0 0.8065 0.04422788605697151 0.027 0.08545727136431784
0 0.436 0.15817091454272864 0.024 0.1874062968515742
0 0.4565 0.17166416791604197 0.023 0.12443778110944528
0 0.9295 0.2811094452773613 0.141 0.15142428785607195
0 0.9175 0.3118440779610195 0.165 0.1619190404797601
0 0.5725 0.6214392803598201 0.129 0.19640179910044978
0 0.55 0.6484257871064468 0.124 0.19640179910044978