3 0.40234375 0.35185185185185186 0.0203125 0.03518518518518519
3 0.44557291666666665 0.35 0.021354166666666667 0.016666666666666666
3 0.45625 0.3814814814814815 0.01875 0.020370370370370372
3 0.46171875 0.4375 0.0171875 0.023148148148148147
3 0.49296875 0.48009259259259257 0.0171875 0.019444444444444445
3 0.4140625 0.3800925925925926 0.013541666666666667 0.021296296296296296
3 0.48020833333333335 0.5069444444444444 0.0125 0.023148148148148147
3 0.54140625 0.6023148148148149 0.0171875 0.01574074074074074
3 0.5583333333333333 0.7245370370370371 0.013541666666666667 0.030555555555555555
3 0.5598958333333334 0.6611111111111111 0.01875 0.020370370370370372
0 0.50390625 0.5671296296296297 0.22552083333333334 0.5472222222222223