3 0.6083333333333333 0.12962962962962962 0.029166666666666667 0.07407407407407407
3 0.5950520833333334 0.2064814814814815 0.027604166666666666 0.06666666666666667
3 0.5393229166666667 0.2611111111111111 0.0421875 0.06296296296296296
3 0.58828125 0.3939814814814815 0.04635416666666667 0.05277777777777778
3 0.4505208333333333 0.5074074074074074 0.046875 0.07592592592592592
3 0.48776041666666664 0.44537037037037036 0.04739583333333333 0.07962962962962963
3 0.5114583333333333 0.3851851851851852 0.022916666666666665 0.06296296296296296
3 0.5434895833333333 0.5504629629629629 0.03177083333333333 0.058333333333333334
3 0.51953125 0.6037037037037037 0.043229166666666666 0.05555555555555555
3 0.6380208333333334 0.1587962962962963 0.022916666666666665 0.05648148148148148
0 0.5643229166666667 0.33611111111111114 0.29322916666666665 0.6018518518518519