0 0.537109375 0.5257523148148148 0.13671875 0.0931712962962963
0 0.6950954861111112 0.8324652777777778 0.04904513888888889 0.050347222222222224
0 0.7610677083333334 0.9175347222222222 0.05685763888888889 0.07349537037037036
0 0.8268229166666666 0.7913773148148148 0.043402777777777776 0.036458333333333336
0 0.9014756944444444 0.8697916666666666 0.06336805555555555 0.06597222222222222
0 0.9533420138888888 0.7473958333333334 0.038628472222222224 0.03298611111111111
0 0.9342447916666666 0.6678240740740741 0.13151041666666666 0.06481481481481481
0 0.4869791666666667 0.6336805555555556 0.6432291666666666 0.19560185185185186
0 0.7298177083333334 0.12413194444444445 0.026475694444444444 0.22743055555555555
0 0.9268663194444444 0.026909722222222224 0.1462673611111111 0.052662037037037035
0 0.4661458333333333 0.9560185185185185 0.07552083333333333 0.08796296296296297